# t  Nu
0.000000000000000000e+00 1.000000000000001110e+00
1.000000000000000167e-06 1.000000000000001776e+00
2.000000000000000333e-06 1.000000000000003553e+00
3.000000000000000076e-06 9.999999999999962252e-01
3.999999999999999819e-06 9.999999999999653610e-01
6.000000000000000152e-06 9.999999999998350209e-01
9.999999999999999124e-06 9.999999999992434940e-01
1.799999999999999707e-05 9.999999999967277287e-01
3.399999999999999973e-05 9.999999999864261913e-01
6.600000000000000506e-05 9.999999999447696242e-01
1.300000000000000157e-04 9.999999997773098004e-01
2.579999999999999828e-04 9.999999991058583504e-01
5.139999999999999170e-04 9.999999964169475897e-01
1.026000000000000002e-03 9.999999856557125755e-01
2.049999999999999739e-03 9.999999426038695960e-01
4.097999999999999213e-03 9.999997704171851298e-01
8.193999999999999895e-03 9.999990819870158143e-01
1.638599999999999779e-02 9.999963310978272624e-01
3.276999999999999358e-02 9.999853507509818273e-01
6.553799999999998516e-02 9.999416155318787691e-01
1.018090204446262526e-01 9.998596358042767251e-01
1.368067551666338755e-01 9.997474289819032744e-01
1.719819931436072369e-01 9.996022416412668754e-01
2.073394223103105227e-01 9.994239118875786199e-01
2.429655146084714057e-01 9.992117449757242920e-01
2.791230541135739096e-01 9.989634504126320147e-01
3.158631579553127233e-01 9.986775328316161993e-01
3.531787740399580655e-01 9.983528526656451074e-01
3.910635704069532759e-01 9.979883006141976320e-01
4.295040337797961794e-01 9.975828828113008084e-01
4.684892936464054580e-01 9.971356382333427248e-01
5.080121642940846893e-01 9.966456144023274621e-01
5.480655593215266741e-01 9.961119009148280412e-01
5.886410332314874205e-01 9.955336514974942874e-01
6.297277898372051208e-01 9.949101067736005888e-01
6.713117893114359802e-01 9.942406207634383319e-01
7.133750158414555731e-01 9.935246893101264964e-01
7.558946046475474301e-01 9.927619848143179881e-01
7.988416553876339643e-01 9.919524013554755770e-01
8.421795655681505455e-01 9.910961153295184678e-01
8.858615679377521701e-01 9.901936709668368586e-01
9.298268907342269740e-01 9.892461079714253147e-01
9.739944050064210934e-01 9.882551649240314262e-01
1.018251417497958000e+00 9.872236278590813541e-01
1.062432509652185608e+00 9.861559756172365576e-01
1.106276642502938889e+00 9.850596735956905770e-01
1.149333934385731615e+00 9.839479742638220783e-01
1.190752164869417262e+00 9.828463430061687989e-01
1.221790917466479609e+00 9.820291292145849615e-01
1.253828988118297350e+00 9.811929910886448836e-01
1.285701501189657092e+00 9.803684984214537934e-01
1.323421381553580023e+00 9.794020080495960956e-01
1.365783015674870038e+00 9.783283151546149359e-01
1.409892469998491160e+00 9.772232276214966040e-01
1.454394959685265221e+00 9.761213344919237311e-01
1.498510856104853683e+00 9.750416478630651307e-01
1.541787658433288133e+00 9.739944445876218548e-01
1.583966001726972994e+00 9.729849575024775987e-01
1.624778638630777872e+00 9.720183992160978947e-01
1.663890240846080282e+00 9.711013863639229582e-01
1.700879155816119148e+00 9.702423195251895782e-01
1.735210004546878571e+00 9.694519703929505017e-01
1.767423378603711459e+00 9.687163797528420828e-01
1.803495883146203349e+00 9.678994541348193703e-01
1.843970115652179276e+00 9.669912287109915239e-01
1.888286009135309529e+00 9.660067711982939231e-01
1.936011182449860479e+00 9.649579940616589413e-01
1.986443116049406488e+00 9.638623154128285186e-01
2.038852208075957240e+00 9.627370623396511728e-01
2.092507506553334284e+00 9.615988456940306461e-01
2.146628116336727121e+00 9.604645557354027918e-01
2.200423719269718692e+00 9.593504808292342423e-01
2.253131561547649486e+00 9.582715876953591394e-01
2.304023256549871501e+00 9.572414838001016557e-01
2.352384616310979393e+00 9.562729390930322371e-01
2.397468052317495157e+00 9.553789327815392918e-01
2.433166006103954615e+00 9.546770188590596451e-01
2.469076000961292205e+00 9.539761755864260007e-01
2.504051145730346484e+00 9.532985523448113119e-01
2.544641750003654668e+00 9.525181887604625697e-01
2.591850155455440508e+00 9.516186386891460902e-01
2.644719190684686083e+00 9.506212952218655587e-01
2.702671304130335628e+00 9.495400258026222007e-01
2.764953744268144220e+00 9.483915914485234744e-01
2.830559020192731090e+00 9.471967881261678102e-01
2.897978461774986858e+00 9.459844739253939760e-01
2.964809841744857621e+00 9.447978766747303636e-01
3.020072124513797807e+00 9.438278156044718203e-01
3.065724403992540203e+00 9.430338869574873550e-01
3.112756377296270305e+00 9.422228695485999062e-01
3.155407507595362482e+00 9.414933529302789150e-01
3.208355142750052735e+00 9.405954616553396930e-01
3.272868844750973949e+00 9.395127885676961554e-01
3.346286548035136921e+00 9.382955204152946260e-01
3.427282106581092336e+00 9.369704640095916082e-01
3.514531771383221148e+00 9.355634680456719199e-01
3.607007431813800569e+00 9.340945895236192342e-01
3.704041941052012898e+00 9.325773142695508167e-01
3.805034002896603429e+00 9.310234488634264727e-01
3.909373833182478553e+00 9.294442921211462094e-01
4.016437141639700670e+00 9.278507042568046037e-01
4.125581643497932660e+00 9.262531448397126610e-01
4.236157309797533799e+00 9.246615222872847095e-01
4.347509286296463493e+00 9.230851719690699175e-01
4.458964293810416812e+00 9.215330750992896114e-01
4.569801561103179033e+00 9.200142766125045668e-01
4.679209148144510166e+00 9.185384689645932355e-01
4.786227231316444453e+00 9.171167061882659066e-01
4.889680477214245258e+00 9.157622142692635192e-01
4.988101142215771056e+00 9.144912812143739522e-01
5.070387257588468977e+00 9.134415976776204538e-01
5.142356749756864964e+00 9.125329375219028982e-01
5.200273183488690165e+00 9.118079724843917155e-01
5.260538957968599050e+00 9.110594313322009086e-01
5.319981444742581722e+00 9.103268524489646074e-01
5.393770635750563258e+00 9.094252539350812237e-01
5.482891145406163069e+00 9.083476191401997912e-01
5.583564391576976149e+00 9.071448306709679610e-01
5.693032262702888424e+00 9.058540584456500344e-01
5.807971131281422394e+00 9.045174512098441699e-01
5.911254311592015753e+00 9.033323031678007764e-01
6.015842750622272916e+00 9.021471509664166222e-01
6.119337003100846495e+00 9.009888794100955334e-01
6.241751648825134779e+00 8.996369841551058455e-01
6.375254733272186947e+00 8.981844372890858130e-01
6.512254603627912530e+00 8.967168378230746528e-01
6.650734010364445226e+00 8.952563841356534491e-01
6.789060980754474173e+00 8.938199630090468695e-01
6.926104336175099796e+00 8.924183546406144751e-01
7.060947466456815924e+00 8.910595506848857372e-01
7.192295776668232499e+00 8.897548144511961965e-01
7.318353059587594522e+00 8.885196891427611376e-01
7.436707767299433058e+00 8.873748761742362712e-01
7.528882016771966335e+00 8.864930528290234646e-01
7.604049682101123864e+00 8.857801407125431847e-01
7.682098047450471867e+00 8.850457173359015384e-01
7.759615265752509039e+00 8.843220665996961438e-01
7.855663038355229055e+00 8.834332835582912047e-01
7.970951738891018046e+00 8.823777359484671345e-01
8.100113058349123207e+00 8.812095046691925671e-01
8.239341766629543429e+00 8.799668037412115007e-01
8.385081189357217468e+00 8.786839965954709175e-01
8.534500177217442030e+00 8.773874619060716418e-01
8.685642027511100594e+00 8.760947298515953108e-01
8.836992583451765526e+00 8.748186517844518395e-01
8.987241929464234502e+00 8.735696711634948208e-01
9.135049834300181359e+00 8.723578968615326446e-01
9.263850599532485575e+00 8.713153301741853873e-01
9.394268481250609426e+00 8.702721048140145133e-01
9.527590826580006222e+00 8.692183173445966471e-01
9.658113807656725669e+00 8.681988243680602846e-01
9.781706844264606460e+00 8.672443489506902470e-01
9.882088169496636709e+00 8.664767966263137167e-01
9.982816542019024908e+00 8.657133877821640011e-01
1.007559600078753270e+01 8.650161625913793673e-01
1.018026900025206949e+01 8.642362983515706754e-01
1.027942399767477788e+01 8.635040461402780920e-01
1.037990563147176104e+01 8.627683585739833738e-01
1.047885640474575553e+01 8.620500529814266732e-01
1.059797451147611014e+01 8.611933548808448080e-01
1.073681235408654899e+01 8.602056938926623264e-01
1.089062139424267173e+01 8.591249365540061245e-01
1.105724193707967729e+01 8.579697447592817827e-01
1.123448111644098013e+01 8.567583516364375429e-01
1.142046316394337957e+01 8.555060838518153687e-01
1.161357215944429200e+01 8.542258233948101243e-01
1.181194892128593210e+01 8.529313580316058019e-01
1.201334750777732552e+01 8.516381507328251166e-01
1.221504558541269247e+01 8.503637075516073951e-01
1.241366747615739818e+01 8.491284683962934121e-01
1.260475782184425597e+01 8.479581714779499402e-01
1.274989528555691543e+01 8.470809406833218480e-01
1.289981220035089926e+01 8.461851764587168256e-01
1.304292275693606484e+01 8.453397388678819402e-01
1.319462313586132396e+01 8.444536898944748904e-01
1.330214196448015684e+01 8.438319258696804770e-01
1.341059178837200605e+01 8.432099447434558970e-01
1.354033105387052238e+01 8.424725953982565851e-01
1.369760955833581839e+01 8.415884278373048089e-01
1.388048627068076790e+01 8.405735040336385078e-01
1.408311276521308919e+01 8.394651874879943687e-01
1.429994209516874726e+01 8.382976944762007276e-01
1.452650285528141794e+01 8.370978258813808193e-01
1.475895498295011876e+01 8.358875719822984607e-01
1.499384524158792509e+01 8.346855808787949638e-01
1.522787532159204638e+01 8.335084964204708680e-01
1.545763863255095849e+01 8.323723685443980003e-01
1.567923142852015950e+01 8.312945734671756126e-01
1.586320025787501642e+01 8.304129118466830883e-01
1.604850128789357200e+01 8.295367063441863031e-01
1.622909577126123892e+01 8.286940115098054838e-01
1.641371494660666031e+01 8.278438444535469731e-01
1.655031971417278669e+01 8.272220447230508311e-01
1.669090603582182553e+01 8.265884883716070330e-01
1.681885026706292408e+01 8.260174555775614547e-01
1.697431636929749388e+01 8.253306254482963844e-01
1.716342225838267765e+01 8.245054533434752475e-01
1.737853744636385045e+01 8.235803008226101340e-01
1.761497047208998978e+01 8.225797871973371533e-01
1.786781911808902024e+01 8.215283891485359868e-01
1.813243524471014823e+01 8.204482469293161717e-01
1.840485978421079594e+01 8.193573917036022225e-01
1.868121233786983737e+01 8.182723215761097402e-01
1.895756533490306950e+01 8.172085037680025810e-01
1.922993919660357776e+01 8.161804109590258260e-01
1.949419805225713631e+01 8.152019605446103601e-01
1.974588729233995821e+01 8.142871593835399047e-01
1.995606483285370203e+01 8.135358303257868018e-01
2.013926456121829389e+01 8.128901593641548740e-01
2.029285103396258805e+01 8.123553985625198148e-01
2.044418507572640920e+01 8.118342546505791235e-01
2.062434509684392836e+01 8.112212395273337151e-01
2.083050672925270064e+01 8.105295046466387543e-01
2.102617007464524335e+01 8.098825125178187312e-01
2.121021329103230357e+01 8.092823069279744264e-01
2.143360858561997162e+01 8.085645262017481238e-01
2.169003030552085320e+01 8.077549874724048173e-01
2.196874659419699327e+01 8.068922189547436119e-01
2.226374648431047021e+01 8.059982113072977628e-01
2.256756141615780109e+01 8.050977630628148862e-01
2.287403422276000597e+01 8.042099425250243128e-01
2.317816789055634530e+01 8.033489300349617723e-01
2.347504000302212290e+01 8.025274194761736757e-01
2.375951964760796642e+01 8.017574972773936492e-01
2.402585189628378615e+01 8.010518141069442599e-01
2.423216096305682399e+01 8.005151001534183131e-01
2.441818233662027993e+01 8.000385162759160451e-01
2.459617847148444980e+01 7.995889587154554334e-01
2.481080101517694914e+01 7.990552246450399743e-01
2.506000609241344534e+01 7.984467981648050161e-01
2.532273701732709270e+01 7.978183608757868361e-01
2.552371392879050305e+01 7.973465559192526309e-01
2.573163174546712995e+01 7.968665110697467080e-01
2.594137745715058685e+01 7.963904678999467190e-01
2.618574249632249362e+01 7.958461640421673478e-01
2.644112177737629210e+01 7.952890641510702574e-01
2.672462863701505142e+01 7.946844974363223013e-01
2.703184587306467535e+01 7.940456741254980910e-01
2.734832434867389850e+01 7.934051034654697743e-01
2.766460443145797399e+01 7.927824598019642677e-01
2.797194263302718653e+01 7.921939908246258266e-01
2.822817260163786557e+01 7.917157200537641160e-01
2.848563118166482155e+01 7.912463348939857699e-01
2.874055563833087490e+01 7.907924998160599239e-01
2.895492582183144847e+01 7.904192023496312558e-01
2.916118600882797196e+01 7.900671576996277645e-01
2.940579668080134468e+01 7.896586440010325836e-01
2.968278086619933731e+01 7.892077311988835442e-01
2.997715876600640783e+01 7.887419485552448206e-01
3.027117172636538456e+01 7.882904277206997934e-01
3.049748500408058760e+01 7.879520983028812653e-01
3.072837520074007145e+01 7.876151211232006455e-01
3.095898743526964481e+01 7.872867440633150027e-01
3.122779340893854538e+01 7.869142296195815733e-01
3.153363989546007673e+01 7.865036758752016466e-01
3.186158147166739241e+01 7.860790192148507938e-01
3.220086670046327981e+01 7.856564305486212207e-01
3.254221249517696890e+01 7.852482785018892741e-01
3.287801822009182473e+01 7.848632046730803502e-01
3.320205884646073713e+01 7.845069233587343982e-01
3.350809206336659685e+01 7.841840946877349783e-01
3.375358695882714244e+01 7.839346225163862369e-01
3.400048556865301208e+01 7.836921772662152064e-01
3.426316498555810597e+01 7.834434691362444081e-01
3.455029876838171532e+01 7.831824057507198455e-01
3.484796221956365514e+01 7.829235693161862297e-01
3.509717836257688361e+01 7.827160181775731917e-01
3.534830511781647289e+01 7.825152482074044791e-01
3.560008050722001371e+01 7.823223311074315456e-01
3.588403433239076179e+01 7.821147348756425366e-01
3.619521366493373904e+01 7.818992750049796880e-01
3.651695579477647868e+01 7.816896168854943205e-01
3.683545335000621890e+01 7.814950781832673554e-01
3.713760965084142640e+01 7.813223657423608026e-01
3.738220667602966785e+01 7.811909252679257731e-01
3.761892476676214159e+01 7.810707943952795995e-01
3.788924566911540381e+01 7.809420597228152738e-01
3.817933133274563318e+01 7.808138538597547695e-01
3.846657515075443001e+01 7.806969578979838786e-01
3.874678153427832683e+01 7.805924817140224015e-01
3.905290235417496802e+01 7.804890362862375586e-01
3.938094060884061065e+01 7.803904645645705074e-01
3.971980950815216005e+01 7.803018479038321686e-01
4.005913534664787790e+01 7.802264255406567983e-01
4.038620442320271309e+01 7.801662077199401635e-01
4.068848214485597481e+01 7.801213390088868049e-01
4.099466966904230958e+01 7.800863520074958757e-01
4.133195348860522245e+01 7.800598842772351604e-01
4.169851532895246038e+01 7.800453236758781994e-01
4.208989319372241056e+01 7.800459255857942198e-01
4.250247556570818830e+01 7.800643980524726295e-01
4.293268742550719708e+01 7.801029074348702075e-01
4.337810389450513782e+01 7.801632016638766487e-01
4.383704113628306231e+01 7.802467527618976995e-01
4.430805451035462994e+01 7.803547821173953958e-01
4.478982959171686673e+01 7.804882711302700837e-01
4.528112616393477197e+01 7.806479638956520528e-01
4.578075980168046755e+01 7.808343720084234274e-01
4.628761566440484643e+01 7.810477910016785374e-01
4.680066055158093974e+01 7.812883220247992533e-01
4.731894988580759787e+01 7.815558958782370391e-01
4.784163159765351025e+01 7.818502983626389735e-01
4.836794669749433240e+01 7.821711953059072853e-01
4.889722728931492668e+01 7.825181562869246710e-01
4.942889272151641933e+01 7.828906764068565005e-01
4.996244427804207788e+01 7.832881955856884071e-01
5.049745885252682598e+01 7.837101151297002355e-01
5.103358204681661903e+01 7.841558115509208449e-01
5.157052107671937335e+01 7.846246477852883983e-01
5.210803779679885395e+01 7.851159820682419577e-01
5.264594207084240196e+01 7.856291747792983893e-01
5.318408563298765301e+01 7.861635935766423389e-01
5.372235651662887079e+01 7.867186171248490290e-01
5.426067407604573134e+01 7.872936376855121932e-01
5.479898459020090229e+01 7.878880628023040567e-01
5.533725741543631926e+01 7.885013162735154957e-01
5.587548164041297127e+01 7.891328385688797242e-01
5.641366319068076507e+01 7.897820868160363439e-01
5.695182232920519994e+01 7.904485344554080806e-01
5.748999150079208675e+01 7.911316706400788323e-01
5.802821347122176832e+01 7.918309994384316042e-01
5.856653971665350866e+01 7.925460388833890368e-01
5.910502902319718288e+01 7.932763199002886845e-01
5.964374626074187802e+01 7.940213851359659847e-01
6.018276129884758063e+01 7.947807877038415292e-01
6.072214803766320301e+01 7.955540898561656027e-01
6.126198352790679280e+01 7.963408615872087370e-01
6.180234715864497019e+01 7.971406791704133132e-01
6.234331989334619095e+01 7.979531236291681484e-01
6.288498353655009510e+01 7.987777791387796755e-01
6.342742001597358126e+01 7.996142313572277560e-01
6.397071066596782174e+01 8.004620656810511603e-01
6.451493550040520120e+01 8.013208654240773221e-01
6.506017246371504825e+01 8.021902099164750499e-01
6.560649665184287471e+01 8.030696725256895041e-01
6.615397949513938158e+01 8.039588186013453264e-01
6.670268789811058241e+01 8.048572033512182422e-01
6.725268333336100568e+01 8.057643696604066541e-01
6.780402088987020193e+01 8.066798458717483467e-01
6.835674827912349372e+01 8.076031435527990521e-01
6.891090480679038421e+01 8.085337552834260810e-01
6.946652032284225697e+01 8.094711525086359938e-01
7.002361416760956558e+01 8.104147835106524367e-01
7.058219413820249599e+01 8.113640715671169845e-01
7.114225550545461374e+01 8.123184133725739331e-01
7.170378011748482550e+01 8.132771778098097926e-01
7.226673563254279031e+01 8.142397051669396646e-01
7.283107492721579490e+01 8.152053068982710871e-01
7.339673572976688831e+01 8.161732660276574958e-01
7.396364052712560522e+01 8.171428382831690262e-01
7.453169679122629532e+01 8.181132540373473594e-01
7.510079756249784566e+01 8.190837211021692044e-01
7.567082241617876548e+01 8.200534283942723102e-01
7.624163882054833152e+01 8.210215504443292289e-01
7.681310387728190392e+01 8.219872526796314638e-01
7.738506641178267387e+01 8.229496973598962040e-01
7.795736935902667142e+01 8.239080500005796504e-01
7.852985237091222359e+01 8.248614860810919991e-01
7.910235455452020403e+01 8.258091978083615947e-01
7.967471724121944021e+01 8.267504006963544150e-01
8.024678667902441020e+01 8.276843397207016562e-01
8.081841656163993548e+01 8.286102948571184568e-01
8.138947028982836684e+01 8.295275858010110470e-01
8.195982291102582451e+01 8.304355757672420291e-01
8.252936268432728184e+01 8.313336742893305820e-01
8.309799224712372734e+01 8.322213390016071077e-01
8.366562938060292254e+01 8.330980764355212509e-01
8.423220739536374424e+01 8.339634419095790507e-01
8.479767516686824536e+01 8.348170386122778508e-01
8.536199686711661627e+01 8.356585160059478712e-01
8.592515144368483959e+01 8.364875676858731790e-01
8.648713189924910694e+01 8.373039288284734871e-01
8.704794442387063214e+01 8.381073733554706973e-01
8.760760742848988514e+01 8.388977109283481948e-01
8.816615052233309768e+01 8.396747838714242462e-01
8.872361347071355908e+01 8.404384641052322635e-01
8.928004516256388001e+01 8.411886501544355577e-01
8.983550261085984801e+01 8.419252642792018904e-01
9.039005000294257286e+01 8.426482497645325642e-01
9.094375781246009183e+01 8.433575683899787734e-01
9.149670198048779923e+01 8.440531980924455002e-01
9.204896316942181045e+01 8.447351308263678638e-01
9.260062609065811046e+01 8.454033706197789932e-01
9.315177890510709346e+01 8.460579318203634847e-01
9.370251269365587632e+01 8.466988375220928509e-01
9.425292099394974343e+01 8.473261181612077309e-01
9.480309939915507300e+01 8.479398102691486638e-01
9.535314521403000754e+01 8.485399553694573660e-01
9.590315716319912553e+01 8.491265990053395996e-01
9.645323514721718539e+01 8.496997898855438436e-01
9.700348004149321923e+01 8.502595791361002853e-01
9.755399353384751748e+01 8.508060196465995206e-01
9.810487799651146190e+01 8.513391655002965352e-01
9.865623638890166092e+01 8.518590714782731110e-01
9.920817218759977152e+01 8.523657926286578590e-01
9.976078934032425138e+01 8.528593838926326054e-01
1.003141922412930427e+02 8.533398997801161512e-01
1.008684857250411682e+02 8.538073940881674151e-01
1.014237750766359625e+02 8.542619196564102957e-01
1.019801660561210781e+02 8.547035281540735774e-01
1.025377649352639793e+02 8.551322698939041178e-01
1.030966785449763705e+02 8.555481936687867606e-01
1.036570143317963613e+02 8.559513466073016552e-01
1.042188804220208027e+02 8.563417740449374982e-01
1.047823856924021726e+02 8.567195194081945742e-01
1.053476398459404777e+02 8.570846241088754258e-01
1.059147534919833333e+02 8.574371274465428794e-01
1.064838382295342711e+02 8.577770665171979836e-01
1.070550067327772581e+02 8.581044761265332887e-01
1.076283728379947888e+02 8.584193887064367479e-01
1.082040516312713549e+02 8.587218342337107346e-01
1.087821595358781792e+02 8.590118401499354794e-01
1.093628143988246393e+02 8.592894312818526448e-01
1.099461355759407439e+02 8.595546297617675524e-01
1.105322440147495939e+02 8.598074549475337447e-01
1.111212623344428607e+02 8.600479233418646396e-01
1.117133149027127814e+02 8.602760485110189093e-01
1.123085279084498893e+02 8.604918410026956010e-01
1.129070294301800601e+02 8.606953082634326568e-01
1.135089494996814494e+02 8.608864545556682568e-01
1.141144201600853592e+02 8.610652808747047970e-01
1.147235755186458448e+02 8.612317848660983044e-01
1.153365517932328999e+02 8.613859607437299726e-01
1.159534873525655172e+02 8.615277992090761838e-01
1.165745227501842436e+02 8.616572873722189163e-01
1.171998007513179516e+02 8.617744086749316024e-01
1.178294663530637933e+02 8.618791428164298551e-01
1.184636667977598421e+02 8.619714656822274890e-01
1.191025515791152714e+02 8.620513492764638741e-01
1.197462724417458162e+02 8.621187616581530433e-01
1.203949833735531172e+02 8.621736668816011306e-01
1.210488405914518637e+02 8.622160249413126643e-01
1.217080025204765121e+02 8.622457917215370360e-01
1.223726297664845504e+02 8.622629189505691683e-01
1.230428850825476417e+02 8.622673541598315783e-01
1.237189333290121027e+02 8.622590406477057545e-01
1.244009414276578838e+02 8.622379174480044872e-01
1.250890783095699561e+02 8.622039193029489290e-01
1.257835148568916424e+02 8.621569766404570956e-01
1.264844238377033037e+02 8.620970155555934822e-01
1.271919798339203282e+02 8.620239577960440158e-01
1.279063591611185444e+02 8.619377207515832584e-01
1.286277397786098220e+02 8.618382174477060564e-01
1.293563011889787333e+02 8.617253565436793217e-01
1.300922243238004512e+02 8.615990423357677841e-01
1.308356914131168196e+02 8.614591747666474619e-01
1.315868858350190749e+02 8.613056494425500587e-01
1.323459919406646463e+02 8.611383576603330869e-01
1.331131948489997399e+02 8.609571864474679925e-01
1.338886802053166605e+02 8.607620186186004663e-01
1.346726338954642586e+02 8.605527328535936826e-01
1.354652417069398211e+02 8.603292038030079247e-01
1.362666889273436652e+02 8.600913022280457509e-01
1.370771598682917158e+02 8.598388951837120375e-01
1.378968373031580086e+02 8.595718462549472028e-01
1.387259018048796122e+02 8.592900158572953639e-01
1.395645309700419716e+02 8.589932616148834299e-01
1.404128985149131381e+02 8.586814388298463774e-01
1.412711732290382258e+02 8.583544010584793771e-01
1.421395177730268529e+02 8.580120008101238538e-01
1.430180873087416273e+02 8.576540903850223829e-01
1.439070279532703864e+02 8.572805228667650379e-01
1.448064750516273591e+02 8.568911532837886202e-01
1.457165512692551772e+02 8.564858399516118714e-01
1.466373645133575110e+02 8.560644460032820202e-01
1.475690057010276348e+02 8.556268411099613447e-01
1.485115464043068414e+02 8.551729033856790840e-01
1.494650364160211495e+02 8.547025214604161425e-01
1.504295012950432522e+02 8.542155966940599976e-01
1.514049399665509270e+02 8.537120454897837440e-01
1.523913224682723353e+02 8.531918016508305280e-01
1.533885879491419075e+02 8.526548187089243447e-01
1.543966430377835195e+02 8.521010721381216957e-01
1.554153607049901211e+02 8.515305613553423303e-01
1.564445797425604496e+02 8.509433114009548049e-01
1.574841049711576773e+02 8.503393741901698055e-01
1.585337082684341397e+02 8.497188292317386926e-01
1.595931304771490886e+02 8.490817837245401289e-01
1.606620842113646859e+02 8.484283719661305234e-01
1.617402575300331762e+02 8.477587540389049936e-01
1.628273183950490477e+02 8.470731137776175146e-01
1.639229197806623120e+02 8.463716560628258279e-01
1.650267052573200317e+02 8.456546035253346139e-01
1.661383148423608134e+02 8.449221927813882482e-01
1.672573908937150122e+02 8.441746703450788702e-01
1.683835838249921721e+02 8.434122883789378911e-01
1.695165574390075278e+02 8.426353004457459717e-01
1.706559937095274790e+02 8.418439574144317428e-01
1.718015968842785810e+02 8.410385036521236257e-01
1.729530968303067766e+02 8.402191736062144534e-01
1.741102515898955119e+02 8.393861888489038137e-01
1.752728491601042720e+02 8.385397556232470073e-01
1.764407085434301052e+02 8.376800629008382959e-01
1.776136801448210178e+02 8.368072809351182473e-01
1.787916456069734750e+02 8.359215602749018315e-01
1.799745171839558964e+02 8.350230311891720936e-01
1.811622367540619223e+02 8.341118034461068032e-01
1.823547745686369410e+02 8.331879663856018858e-01
1.835521278223653781e+02 8.322515892270330173e-01
1.847543191214816147e+02 8.313027215559938288e-01
1.859613949134899258e+02 8.303413939395745125e-01
1.871734239291993447e+02 8.293676186266769612e-01
1.883904956772692856e+02 8.283813902959570319e-01
1.896127190209365381e+02 8.273826868209072094e-01
1.908402208589489248e+02 8.263714700267535962e-01
1.920731449238393225e+02 8.253476864206424901e-01
1.933116507071085550e+02 8.243112678794723980e-01
1.945559125145357200e+02 8.232621322850963708e-01
1.958061186526155097e+02 8.222001840989557886e-01
1.970624707452479925e+02 8.211253148702368776e-01
1.983251831762640904e+02 8.200374036752292595e-01
1.995944826547733726e+02 8.189363174850933236e-01
2.008706078990219908e+02 8.178219114608805684e-01
2.021538094331165496e+02 8.166940291765437676e-01
2.034443494942197788e+02 8.155525027683823147e-01
2.047425020442514665e+02 8.143971530131373093e-01
2.060485528847014791e+02 8.132277893334562968e-01
2.073627998720291430e+02 8.120442097309605867e-01
2.086855532320047644e+02 8.108462006468419858e-01
2.100171359723788385e+02 8.096335367494734703e-01
2.113578843943473657e+02 8.084059806479864108e-01
2.127081487058391929e+02 8.071632825288549418e-01
2.140682937377020494e+02 8.059051797147105400e-01
2.154386997680522882e+02 8.046313961412471238e-01
2.168197634599297032e+02 8.033416417485830241e-01
2.182118989196650034e+02 8.020356117817715180e-01
2.196155388832097799e+02 8.007129859958870277e-01
2.210311360416208117e+02 7.993734277578415925e-01
2.224591645178072952e+02 7.980165830369423396e-01
2.239001215078393727e+02 7.966420792756715441e-01
2.253545291038615517e+02 7.952495241294778028e-01
2.268229363180645066e+02 7.938385040629479805e-01
2.283059213280075141e+02 7.924085827900511081e-01
2.298040939711975170e+02 7.909592995401190096e-01
2.313180985156219833e+02 7.894901671339085159e-01
2.328486167392473760e+02 7.880006698499202322e-01
2.343963713599725054e+02 7.864902610550875695e-01
2.359621298545454522e+02 7.849583605795571462e-01
2.375467087186012805e+02 7.834043518053072086e-01
2.391509782214145048e+02 7.818275784409328688e-01
2.407758677200972670e+02 7.802273409488773570e-01
2.424223716002921947e+02 7.786028925951353763e-01
2.440915559223629145e+02 7.769534350870215267e-01
2.457845658554335841e+02 7.752781137703289582e-01
2.475026339886787241e+02 7.735760123613684147e-01
2.492470896095034334e+02 7.718461472027907666e-01
2.510193690357191372e+02 7.700874610514433227e-01
2.528210270729913987e+02 7.682988164427911881e-01
2.546537496391853210e+02 7.664789887310000660e-01
2.565193675355418463e+02 7.646266589954338055e-01
2.584198712460865863e+02 7.627404071385424089e-01
2.603574264705388259e+02 7.608187057174055079e-01
2.623343898172004174e+02 7.588599153758367466e-01
2.643533236249365359e+02 7.568622832482180263e-01
2.664170081786375022e+02 7.548239464514729935e-01
2.685284484632421709e+02 7.527429439192039329e-01
2.706908709160389890e+02 7.506172414840034390e-01
2.729077031030325884e+02 7.484447775092427646e-01
2.751825256256471448e+02 7.462235396561694989e-01
2.775189806634207343e+02 7.439516875950265007e-01
2.799206156657132283e+02 7.416277411306526623e-01
2.823906352725191482e+02 7.392508566157383054e-01
2.849315336311599367e+02 7.368212124683173325e-01
2.875445912740050858e+02 7.343405090467849394e-01
2.902292589812890924e+02 7.318125472710814705e-01
2.929825276144121631e+02 7.292437756985075126e-01
2.957984884586007865e+02 7.266436014926016540e-01
2.986683618060661161e+02 7.240242100523837099e-01
3.015812007872858089e+02 7.213997332404917806e-01
3.045251992961955807e+02 7.187848885790359965e-01
3.074891766617162716e+02 7.161935354524873176e-01
3.104636592263902344e+02 7.136376918557231219e-01
3.134411698244729791e+02 7.111273250713628924e-01
3.164157007509372761e+02 7.086708639341018356e-01
3.193816250263798793e+02 7.062761287479520922e-01
3.223324160182484661e+02 7.039513000830387446e-01
3.252595818018329510e+02 7.017055652889917505e-01
3.281522389073765567e+02 6.995491363770837134e-01
3.309976674592350037e+02 6.974924816073434508e-01
3.337828561609358644e+02 6.955449314710105968e-01
3.364965174558719241e+02 6.937131966386014259e-01
3.391307323451487150e+02 6.920004474402473571e-01
3.416816178067898591e+02 6.904062820071229511e-01
3.441489963330533897e+02 6.889274224261927593e-01
3.465354768074391814e+02 6.875587186247545946e-01
3.488454092603978438e+02 6.862940921824847162e-01
3.510840034715880620e+02 6.851272392236668063e-01
3.532567106237731878e+02 6.840520684857552824e-01
3.553688492344886640e+02 6.830629285440986687e-01
3.574254114072711559e+02 6.821546955631192510e-01
3.594309838895892426e+02 6.813227810664167494e-01
3.613897340733092278e+02 6.805630999243543755e-01
3.633054286763799610e+02 6.798720222063906471e-01
3.651814664889526512e+02 6.792463213280217627e-01
3.670209153786466345e+02 6.786831243350475162e-01
3.688265488117570499e+02 6.781798666779326190e-01
3.706008798148721439e+02 6.777342521290229405e-01
3.723461916260254725e+02 6.773442177278720111e-01
3.740645649094689702e+02 6.770079033277806024e-01
3.757579016993981895e+02 6.767236252139110508e-01
3.774279463539666608e+02 6.764898532591450131e-01
3.790763038455961578e+02 6.763051911194584154e-01
3.807044557124740436e+02 6.761683590242711928e-01
3.823137739770418193e+02 6.760781787744403193e-01
3.839055333051251750e+02 6.760335606160472466e-01
3.854809216534320058e+02 6.760334917077785999e-01
3.870410496159695413e+02 6.760770259443723562e-01
3.885869586523078851e+02 6.761632749360754202e-01
3.901196283569539105e+02 6.762913999763026096e-01
3.916399829047402932e+02 6.764606048569448138e-01
3.931488967857707166e+02 6.766701294131554079e-01
3.946471999314472896e+02 6.769192436989029948e-01
3.961356823148563535e+02 6.772072427101828440e-01
3.976150980991494066e+02 6.775334415863680793e-01
3.990861693966276107e+02 6.778971712312804598e-01
4.005495896935927931e+02 6.782977743051418207e-01
4.020060269869755984e+02 6.787346015460405946e-01
4.034561266766244216e+02 6.792070083872175923e-01
4.049005142471016825e+02 6.797143518407888774e-01
4.063397977731541459e+02 6.802559876244944626e-01
4.077745702756490118e+02 6.808312675108482148e-01
4.092054119552577163e+02 6.814395368825278965e-01
4.106328923264666741e+02 6.820801324798340115e-01
4.120575722721615080e+02 6.827523803280290959e-01
4.134800060389873693e+02 6.834555938348080284e-01
4.149007431919047804e+02 6.841890720493779554e-01
4.163203305415066211e+02 6.849520980736361064e-01
4.177393140639051126e+02 6.857439376199505610e-01
4.191582408241997655e+02 6.865638377062152076e-01
4.205776609189964574e+02 6.874110254809976395e-01
4.219981294498133479e+02 6.882847071692949070e-01
4.234202085402632179e+02 6.891840671291439291e-01
4.248444694062748681e+02 6.901082670058139579e-01
4.262714944888109017e+02 6.910564449685607791e-01
4.277018796569772690e+02 6.920277150117928322e-01
4.291362364834878917e+02 6.930211662958897234e-01
4.305751945943358123e+02 6.940358624996832981e-01
4.320194040846004100e+02 6.950708411463987213e-01
4.334695379868061309e+02 6.961251128572739644e-01
4.349262947639962817e+02 6.971976604731712213e-01
4.363904007855639406e+02 6.982874379708429169e-01
4.378626127163959154e+02 6.993933690777682788e-01
4.393437197200657351e+02 7.005143454663100844e-01
4.408345453273443013e+02 7.016492243728849054e-01
4.423359487572948296e+02 7.027968254462779729e-01
4.438488253880089474e+02 7.039559265754602446e-01
4.453741059510086870e+02 7.051252583802887219e-01
4.469127538505292137e+02 7.063034969619649273e-01
4.484657597847420334e+02 7.074892544122947102e-01
4.500341325416810037e+02 7.086810664630815992e-01
4.516188844544320773e+02 7.098773765353637577e-01
4.532210095216117338e+02 7.110765153423010965e-01
4.548414516548933761e+02 7.122766751576525834e-01
4.564810599709298913e+02 7.134758779636426462e-01
4.581405276841367140e+02 7.146719370934139226e-01
4.598203113162510931e+02 7.158624129131592184e-01
4.615205282028477995e+02 7.170445648667900240e-01
4.632408335042125600e+02 7.182153051780443276e-01
4.649802840991160338e+02 7.193711638400305253e-01
4.667372063577541894e+02 7.205082797468040923e-01
4.685090967642569808e+02 7.216224372162554079e-01
4.702925944044986863e+02 7.227091672552324875e-01
4.720835646437257083e+02 7.237639243753000162e-01
4.738773156030840710e+02 7.247823303369027581e-01
4.756689321669287551e+02 7.257604502231701504e-01
4.774536690593463959e+02 7.266950459763783510e-01
4.792273183059995176e+02 7.275837517036889412e-01
4.809864743095342305e+02 7.284251374164275594e-01
4.827286577169288648e+02 7.292186622250166339e-01
4.844523050357950638e+02 7.299645465629441832e-01
4.861566624343222998e+02 7.306636046007258800e-01
4.878416312641200534e+02 7.313170733965771442e-01
4.895076049786762837e+02 7.319264624337654679e-01
4.911553223773315153e+02 7.324934338738652295e-01
4.927857482644656670e+02 7.330197142984227199e-01
4.943999830854432389e+02 7.335070336274742697e-01
4.959991980733460650e+02 7.339570852086028108e-01
4.975845906796544114e+02 7.343715013123817137e-01
4.991573551290236423e+02 7.347518393120437974e-01
5.007186637917473604e+02 7.350995750096944725e-01
5.022696560778935577e+02 7.354161005969644949e-01
5.038114324620136699e+02 7.357027255271644250e-01
5.053450519458797316e+02 7.359606791409897264e-01
5.068715317921107726e+02 7.361911142819645981e-01
5.083918487194873705e+02 7.363951114024770428e-01
5.099069410116375707e+02 7.365736828413803616e-01
5.114177111653571615e+02 7.367277770730887854e-01
5.129250288293487756e+02 7.368582828076392088e-01
5.144297338689017351e+02 7.369660328731764132e-01
5.159326394486683967e+02 7.370518078460809308e-01
5.174345350687118525e+02 7.371163394159344628e-01
5.189361895149493193e+02 7.371603134858027984e-01
5.204383537030423668e+02 7.371843730164981956e-01
5.219417634107485355e+02 7.371891206281656617e-01
5.234471418954834689e+02 7.371751209746569833e-01
5.249552024071346068e+02 7.371429029071542294e-01
5.264666506044908374e+02 7.370929614432234489e-01
5.279821868857396794e+02 7.370257595569972286e-01
5.295025086476290426e+02 7.369417298051386123e-01
5.310283124859126929e+02 7.368412758022180320e-01
5.325602963518970228e+02 7.367247735579199874e-01
5.340991616771015060e+02 7.365925726875692803e-01
5.356456154818047253e+02 7.364449975061991838e-01
5.372003724794383288e+02 7.362823480156626132e-01
5.387641571906198124e+02 7.361049007933642141e-01
5.403377060807631551e+02 7.359129097903259753e-01
5.419217697321774949e+02 7.357066070460820395e-01
5.435171150646835940e+02 7.354862033270782584e-01
5.451245276163703011e+02 7.352518886951029398e-01
5.467448138961071891e+02 7.350038330121849706e-01
5.483788038183879507e+02 7.347421863884457949e-01
5.500273532305064919e+02 7.344670795796660601e-01
5.516913465418629130e+02 7.341786243416505986e-01
5.533716994607132165e+02 7.338769137497590522e-01
5.550693618422353666e+02 7.335620224930542443e-01
5.567853206498208465e+02 7.332340071539483750e-01
5.585206030210275685e+02 7.328929064875291388e-01
5.602762794288323676e+02 7.325387417167603665e-01
5.620534669109149490e+02 7.321715168654461259e-01
5.638533323306994589e+02 7.317912191554676316e-01
5.656770956122659300e+02 7.313978195026118456e-01
5.675260328606649409e+02 7.309912731557796084e-01
5.694014792465908386e+02 7.305715205363153553e-01
5.713048314793253439e+02 7.301384883519029811e-01
5.732375496252703897e+02 7.296920910810202887e-01
5.752011579351101318e+02 7.292322329529292713e-01
5.771972442171393141e+02 7.287588105854206910e-01
5.792274571313656679e+02 7.282717164895601281e-01
5.812935005564754647e+02 7.277708437120554708e-01
5.833971239035815870e+02 7.272560919600454810e-01
5.855401068877979469e+02 7.267273756453234146e-01
5.877242368337434755e+02 7.261846343894474698e-01
5.899512760734810399e+02 7.256278466460137633e-01
5.922229164532789127e+02 7.250570472004242983e-01
5.945407174795628862e+02 7.244723493710841788e-01
5.969060243983798273e+02 7.238739726982379441e-01
5.993198628562224712e+02 7.232622766683071136e-01
6.017828082433240979e+02 7.226378004427498336e-01
6.042948310848142910e+02 7.220013074620058591e-01
6.068551256283540170e+02 7.213538320255111769e-01
6.094619374299657011e+02 7.206967224947120609e-01
6.121124163777967624e+02 7.200316729897244805e-01
6.148025312794753745e+02 7.193607332825819878e-01
6.175270854309673041e+02 7.186862865699250591e-01
6.202798632024105245e+02 7.180109885184255969e-01
6.230539126045514422e+02 7.173376688634295339e-01
6.258419331422680898e+02 7.166692070032096851e-01
6.286367059654133982e+02 7.160084013220175958e-01
6.314314902145908945e+02 7.153578541990386341e-01
6.342203224154820873e+02 7.147198895152343523e-01
6.369981875792119581e+02 7.140965095980976729e-01
6.397610655740754737e+02 7.134893885982961370e-01
6.425058807820553284e+02 7.128998928898950815e-01
6.452303922103452578e+02 7.123291172057469867e-01
6.479330580738691197e+02 7.117779267108877983e-01
6.506128995154439281e+02 7.112469982207609842e-01
6.532693778760345822e+02 7.107368568065127734e-01
6.559022917104049384e+02 7.102479063444306906e-01
6.585116943875025299e+02 7.097804540069196921e-01
6.610978302731408576e+02 7.093347294120841973e-01
6.636610863816772508e+02 7.089108993944581716e-01
6.662019562744324048e+02 7.085090793437014423e-01
6.687210133469055791e+02 7.081293419276033507e-01
6.712188911648302110e+02 7.077717238546981093e-01
6.736962690311097504e+02 7.074362311789963442e-01
6.761538613988286670e+02 7.071228435238767762e-01
6.785924101114858331e+02 7.068315175007707785e-01
6.810126787164808775e+02 7.065621895238632932e-01
6.834154483126253581e+02 7.063147781649460333e-01
6.858015145392873819e+02 7.060891861526190638e-01
6.881716854267579038e+02 7.058853020907849274e-01
6.905267799103853577e+02 7.057030019504447749e-01
6.928676268694581495e+02 7.055421503743229961e-01
6.951950645927101959e+02 7.054026018238757079e-01
6.975099406023207393e+02 7.052842015912019757e-01
6.998131117936845840e+02 7.051867866933683171e-01
7.021054448576403502e+02 7.051101866637601301e-01
7.043878169708245878e+02 7.050542242523987202e-01
7.066611167438820758e+02 7.050187160459223668e-01
7.089262454270220815e+02 7.050034730167369368e-01
7.111841183759619298e+02 7.050083010101798608e-01
7.134356667898957767e+02 7.050330011779406547e-01
7.156818397347002474e+02 7.050773703656741942e-01
7.179236064754883273e+02 7.051412014625479951e-01
7.201619591389462585e+02 7.052242837201637693e-01
7.223979157437034928e+02 7.053264030483896718e-01
7.246325236330176267e+02 7.054473422954256057e-01
7.268668633639201744e+02 7.055868815198714783e-01
7.291020531027769493e+02 7.057447982621186666e-01
7.313392536009082505e+02 7.059208678231597700e-01
7.335796738333079929e+02 7.061148635591432132e-01
7.358245773938728007e+02 7.063265571999168824e-01
7.380752897683883020e+02 7.065557192008679044e-01
7.403332066234553395e+02 7.068021191374420642e-01
7.425998032762663570e+02 7.070655261520555346e-01
7.448766455441237895e+02 7.073457094635121623e-01
7.471654022072181078e+02 7.076424389485849176e-01
7.494678593619087223e+02 7.079554858044174726e-01
7.517859369852097871e+02 7.082846232972416223e-01
7.541217080877033823e+02 7.086296275983036130e-01
7.564774208731632825e+02 7.089902786967199333e-01
7.588555243658747713e+02 7.093663613617315900e-01
7.612586979678856096e+02 7.097576660944319160e-01
7.636898853425399238e+02 7.101639899539184952e-01
7.661523328170561626e+02 7.105851370485017915e-01
7.686496320058057563e+02 7.110209183185446369e-01
7.711857653432032293e+02 7.114711499563561858e-01
7.737651512004812275e+02 7.119356493216004722e-01
7.763926813867235524e+02 7.124142263675756759e-01
7.790737365334739479e+02 7.129066671365404950e-01
7.818141513431334033e+02 7.134127033857340372e-01
7.846200773430534809e+02 7.139319582441640000e-01
7.874976490411394252e+02 7.144638512734774460e-01
7.904522947786932718e+02 7.150074374917720910e-01
7.934874565495584875e+02 7.155611476745302735e-01
7.966024649151654557e+02 7.161224069848857177e-01
7.997895733056622021e+02 7.166871742344287366e-01
8.030310498769906644e+02 7.172496138632018514e-01
8.062986656589159793e+02 7.178023287612347314e-01
8.095581020586411114e+02 7.183374940352245108e-01
8.127773826468627476e+02 7.188485248636111713e-01
8.159341586901585970e+02 7.193312548944563733e-01
8.190177751506950017e+02 7.197840213202996162e-01
8.220269486872780362e+02 7.202069917812049527e-01
8.249660924896907090e+02 7.206013572109367660e-01
8.278422450320382495e+02 7.209687267221521756e-01
8.306631229729570123e+02 7.213107756537427973e-01
8.334361303744504994e+02 7.216290827249162154e-01
8.361679791591661797e+02 7.219250769495512143e-01
8.388646248938514418e+02 7.222000360904995420e-01
8.415313325836299327e+02 7.224551038697833993e-01
8.441727784453037202e+02 7.226913108787188511e-01
8.467931489180651852e+02 7.229095936906549946e-01
8.493962256185061506e+02 7.231108109117001526e-01
8.519854557955173959e+02 7.232957563696891246e-01
8.545640108217661464e+02 7.234651699572887118e-01
8.571348353544074143e+02 7.236197466015222846e-01
8.597006892219811789e+02 7.237601437290295259e-01
8.622641835642068600e+02 7.238869875128456366e-01
8.648278124075804953e+02 7.240008781290198092e-01
8.673939806465145921e+02 7.241023942100665023e-01
8.699650292531346167e+02 7.241920966498578416e-01
8.725432584446745068e+02 7.242705318886734078e-01
8.751309494443117956e+02 7.243382347849659508e-01
8.777303854211578482e+02 7.243957311635715879e-01
8.803438721456772100e+02 7.244435401164708299e-01
8.829737588882616137e+02 7.244821761226927226e-01
8.856224600839948380e+02 7.245121510471735915e-01
8.882924783132959874e+02 7.245339760747452340e-01
8.909864292010798863e+02 7.245481636345929566e-01
8.937070689019088832e+02 7.245552293723012127e-01
8.964573249396188430e+02 7.245556942317884497e-01
8.992403312954345438e+02 7.245500867182912419e-01
9.020594687861671446e+02 7.245389454270391161e-01
9.049184119529311374e+02 7.245228219419902471e-01
9.078211838403915408e+02 7.245022842369042149e-01
9.107722201927010701e+02 7.244779207501073071e-01
9.137764445632095658e+02 7.244503453589022923e-01
9.168393554809833859e+02 7.244202035550211249e-01
9.199671256458799462e+02 7.243881802261065150e-01
9.231667102565514824e+02 7.243550095865757266e-01
9.264459551512061353e+02 7.243214879762545078e-01
9.298136816265370044e+02 7.242884904385274991e-01
9.332796960174990772e+02 7.242569921187232973e-01
9.368546137383551695e+02 7.242280953293546153e-01
9.405492741996256427e+02 7.242030618992751911e-01
9.443733234213510741e+02 7.241833464009687082e-01
9.483322679905498944e+02 7.241706153931030121e-01
9.524222195904399086e+02 7.241667162246960832e-01
9.566226143918942171e+02 7.241735313569407362e-01
9.608908555293838845e+02 7.241926676742659330e-01
9.651669651981524112e+02 7.242250716964230284e-01
9.693910488301444275e+02 7.242708532516900499e-01
9.735213963602423064e+02 7.243294887542431892e-01
9.775397804849989143e+02 7.244002036024671520e-01
9.814457034306168453e+02 7.244822548899840786e-01
9.852482760631783094e+02 7.245750464413208691e-01
9.889602181872468236e+02 7.246781365202298320e-01
9.925944921810458936e+02 7.247912032582451980e-01
9.961628663558673225e+02 7.249140066963009055e-01
9.996755679308505478e+02 7.250463617228890545e-01
1.003141405964793080e+03 7.251881221344836925e-01
1.006568030509282380e+03 7.253391720344426474e-01
1.009962187231117923e+03 7.254994211275159754e-01
1.013329925797598321e+03 7.256688018135518670e-01
1.016676762045721716e+03 7.258472671464304415e-01
1.020007805385017718e+03 7.260347893558648513e-01
1.023327862456855200e+03 7.262313588682888232e-01
1.026641525011992144e+03 7.264369838210424923e-01
1.029953247376056879e+03 7.266516900676326385e-01
1.033267417290845742e+03 7.268755216734722469e-01
1.036588423138190137e+03 7.271085419160729924e-01
1.039920720250228214e+03 7.273508348294123182e-01
1.043268898982862311e+03 7.276025073653290542e-01
1.046637757383752160e+03 7.278636922830384881e-01
1.050032381647286002e+03 7.281345519248464404e-01
1.053458238137366834e+03 7.284152830943769752e-01
1.056921281639927656e+03 7.287061233279423789e-01
1.060428085786026259e+03 7.290073589470705828e-01
1.063986003351624959e+03 7.293193354041687115e-01
1.067603366515518019e+03 7.296424705865302007e-01
1.071289740151099750e+03 7.299772719117701980e-01
1.075056244518258609e+03 7.303243581735152645e-01
1.078915965913091213e+03 7.306844870025879235e-01
1.082884470342254190e+03 7.310585879864561765e-01
1.086980412361644767e+03 7.314477985161040863e-01
1.091226148942077089e+03 7.318534903710687267e-01
1.095648012644658138e+03 7.322772491002669248e-01
1.100275158923734125e+03 7.327206970398244534e-01
1.105133964305648306e+03 7.331848727368125429e-01
1.110231174399143356e+03 7.336685576964694366e-01
1.115519016316823127e+03 7.341650591916784041e-01
1.120866173172973731e+03 7.346599730180164434e-01
1.126106511540643623e+03 7.351365239519910277e-01
1.131138632235320301e+03 7.355850387474787144e-01
1.135946227516777981e+03 7.360042974072303901e-01
1.140556117624915487e+03 7.363971627551627597e-01
1.145006668679165159e+03 7.367674796588690178e-01
1.149334502551293781e+03 7.371188265845924903e-01
1.153569688540959078e+03 7.374541123898664674e-01
1.157735585337816019e+03 7.377756022834296434e-01
1.161850451479875119e+03 7.380850873482686092e-01
1.165929067856461188e+03 7.383840418855485144e-01
1.169983959362238465e+03 7.386737372355544062e-01
1.174026221243352893e+03 7.389553169344174055e-01
1.178066054680921070e+03 7.392298450427075007e-01
1.182113135366650113e+03 7.394983393207579248e-01
1.186176899636804592e+03 7.397617967157720242e-01
1.190266795689970195e+03 7.400212152264419307e-01
1.194392528126571051e+03 7.402776145099908556e-01
1.198564315445019929e+03 7.405320568625567423e-01
1.202793178706263006e+03 7.407856700634589675e-01
1.207091282877280946e+03 7.410396738000433192e-01
1.211472358889052430e+03 7.412954118745366250e-01
1.215952244355815765e+03 7.415543931708693526e-01
1.220549594487028799e+03 7.418183454997705484e-01
1.225286830206662444e+03 7.420892879382385843e-01
1.230191397003099837e+03 7.423696286553712609e-01
1.235297360772173761e+03 7.426622940461982125e-01
1.240647098822815451e+03 7.429708814442212983e-01
1.246291756248883530e+03 7.432997646087681209e-01
1.252285241405054194e+03 7.436538393643121747e-01
1.258655235503601034e+03 7.440368509951296172e-01
1.265323384709670790e+03 7.444463092771003154e-01
1.272032913131162104e+03 7.448680171457422450e-01
1.278500398743690994e+03 7.452843360695506902e-01
1.284622078058902616e+03 7.456876029978587450e-01
1.290429345792066442e+03 7.460785487683807560e-01
1.295988621883351016e+03 7.464604213243063446e-01
1.301365766211971277e+03 7.468367431689708624e-01
1.306615532322152148e+03 7.472105489408913392e-01
1.311779237639431358e+03 7.475841365042611431e-01
1.316888025341555476e+03 7.479592195825837120e-01
1.321966681135844738e+03 7.483371493170188904e-01
1.327036376526077902e+03 7.487190818610252041e-01
1.332116557685586713e+03 7.491060981159863852e-01
1.337226213588971632e+03 7.494992858190692164e-01
1.342384815498736771e+03 7.498998014117911337e-01
1.347613189510567508e+03 7.503089291489315471e-01
1.352934496207823031e+03 7.507281495302795538e-01
1.358375473395941526e+03 7.511592282235731721e-01
1.363968137173718333e+03 7.516043396862160941e-01
1.369752230178449736e+03 7.520662465292514698e-01
1.375778862065481917e+03 7.525485666884343949e-01
1.382115938965905343e+03 7.530561695297182112e-01
1.388855565500279909e+03 7.535957028304820504e-01
1.396119121896701699e+03 7.541758851037992928e-01
1.404028131343917494e+03 7.548050103549656109e-01
1.412507788492131340e+03 7.554753041683147652e-01
1.420965105866543809e+03 7.561384000703620378e-01
1.428847328310164130e+03 7.567507462171996213e-01
1.436143741712763358e+03 7.573122233695264161e-01
1.443013745237338071e+03 7.578358975457394342e-01
1.449593626590279882e+03 7.583327955033145606e-01
1.455996896579054919e+03 7.588119718417764004e-01
1.462308300783994582e+03 7.592801329917072684e-01
1.468587461168698383e+03 7.597420001512713572e-01
1.474880785752287466e+03 7.602012604527760287e-01
1.481229177353279510e+03 7.606611724331733271e-01
1.487673109642538975e+03 7.611249588018395018e-01
1.494256789551112206e+03 7.615961226591875244e-01
1.501032099120318435e+03 7.620787439790739359e-01
1.508063663103178897e+03 7.625778581360500574e-01
1.515436650691397290e+03 7.631000363055076008e-01
1.523269534304003173e+03 7.636543348235077522e-01
1.531733951473455363e+03 7.642537855178749284e-01
1.541069160068556812e+03 7.649165749589291741e-01
1.551442758861235234e+03 7.656563223970455079e-01
1.562182245629016961e+03 7.664266765138720849e-01
1.572106192997875269e+03 7.671430440681510365e-01
1.581133012574150825e+03 7.677984737969869578e-01
1.589576835451136276e+03 7.684147018526159556e-01
1.597656462936562548e+03 7.690068825179948719e-01
1.605550623043906626e+03 7.695874763516572514e-01
1.613399727443981874e+03 7.701662796953371304e-01
1.621305533924060683e+03 7.707503122552444852e-01
1.629356137196084774e+03 7.713455995570354107e-01
1.637643629596523397e+03 7.719584389598816987e-01
1.646279450574766088e+03 7.725964953042859795e-01
1.655415803045040093e+03 7.732703237492021264e-01
1.665281213457397143e+03 7.739958811182761078e-01
1.676242908176583796e+03 7.747988844896265270e-01
1.688810066740354387e+03 7.757146238195515853e-01
1.702448317185029509e+03 7.767018723833306604e-01
1.713467382501000202e+03 7.774943056679266551e-01
1.724393133345418391e+03 7.782753356763594255e-01
1.734807089713133109e+03 7.790154811265090906e-01
1.744719276430322225e+03 7.797162060429509989e-01
1.754545960994696316e+03 7.804074748506565351e-01
1.764489325557784468e+03 7.811037662834842132e-01
1.774740545058441739e+03 7.818186051453802632e-01
1.785541562574247564e+03 7.825689065756106233e-01
1.797214906270250367e+03 7.833770257000263193e-01
1.810302635152695984e+03 7.842803081765610251e-01
1.825768858231994727e+03 7.853448541208779554e-01
1.840959269201489406e+03 7.863879503161271822e-01
1.856067277046126037e+03 7.874231804676050661e-01
1.869675581792792855e+03 7.883536281792788980e-01
1.882345508737455020e+03 7.892178694744562684e-01
1.894784236803917111e+03 7.900639787029934968e-01
1.907404089154540770e+03 7.909194972404870461e-01
1.920677456531502003e+03 7.918155726717485132e-01
1.935217859304952526e+03 7.927921427413248123e-01
1.952073597483202320e+03 7.939169488957805720e-01
1.972997942726987048e+03 7.953018080896067099e-01
1.990199164082495372e+03 7.964306960415401537e-01
2.007188285262402360e+03 7.975373619776838785e-01
2.023412553070376134e+03 7.985867865227195272e-01
2.039193684758290374e+03 7.996009084139221734e-01
2.055612175369528359e+03 8.006493671273401391e-01
2.073721642221893489e+03 8.017983243802844218e-01
2.095580844772718137e+03 8.031750991342454515e-01
2.119212968422459198e+03 8.046513384106293021e-01
2.140210744330386206e+03 8.059523394177066091e-01
2.160957949141784411e+03 8.072277082816772253e-01
2.181493087505249605e+03 8.084797929792540971e-01
2.203118230823029535e+03 8.097868914346834091e-01
2.228564992933988833e+03 8.113094669942878534e-01
2.258878368473846422e+03 8.131010768106217146e-01
2.285651933096708490e+03 8.146636455608818883e-01
2.312005369348597469e+03 8.161839172643690077e-01
2.339095748298178478e+03 8.177287531687833511e-01
2.370012415551815138e+03 8.194699690092833722e-01
2.414394865114340973e+03 8.219292025040326743e-01
2.454669330089704090e+03 8.241197327045877152e-01
2.491343040280667537e+03 8.260804907481933412e-01
2.533753431940942392e+03 8.283077986376978785e-01
2.584328558601053373e+03 8.309083460546675681e-01
2.633640427569161602e+03 8.333869898693017086e-01
2.684108967560810925e+03 8.358668514527604065e-01
2.749382463746839221e+03 8.389905555800325487e-01
2.825805718167780924e+03 8.425309495276297467e-01
2.904952929925833359e+03 8.460689172728990126e-01
2.986145551722369419e+03 8.495673866003000674e-01
3.065259700551306196e+03 8.528537294183975437e-01
3.149244467862597503e+03 8.562153037078056306e-01
3.241245566448289992e+03 8.597539047430436954e-01
3.337401568073045382e+03 8.632991135815529793e-01
3.434312733879647567e+03 8.667216672618081041e-01
3.532864021494143344e+03 8.700552075773235750e-01
3.635110486503626362e+03 8.733654342582333197e-01
3.741352103116505532e+03 8.766537930347435559e-01
3.850526176732397289e+03 8.798815195940142830e-01
3.962052395211715520e+03 8.830296223890706786e-01
4.076217723046677747e+03 8.861054120773420584e-01
4.193338935178847350e+03 8.891158908555546470e-01
4.313373447842443056e+03 8.920583634309934284e-01
4.436184191145943259e+03 8.949286010349053466e-01
4.561783724704833730e+03 8.977265947283847858e-01
4.690278351797732284e+03 9.004545275891403522e-01
4.821749632066789673e+03 9.031139460738569769e-01
4.956246689422918280e+03 9.057057438057815046e-01
5.093828471911944689e+03 9.082310653088030428e-01
5.234574034626272805e+03 9.106914282061058241e-01
5.378567605957224259e+03 9.130883923433489313e-01
5.525890664619299059e+03 9.154234190479308975e-01
5.676624690451474635e+03 9.176979256898228909e-01
5.830853821713410071e+03 9.199133257300993183e-01
5.988664117308382629e+03 9.220710126631190828e-01
6.150142362605624839e+03 9.241723421849725728e-01
6.315375985666611086e+03 9.262186328595101159e-01
6.484453412127460979e+03 9.282111721837267293e-01
6.657464229259371677e+03 9.301512193631796821e-01
6.834499223487161544e+03 9.320400063388237788e-01
7.015650473173380306e+03 9.338787393586526209e-01
7.201011501872277222e+03 9.356686009344294952e-01
7.390677434107280533e+03 9.374107514792002771e-01
7.584745134290929855e+03 9.391063304909257337e-01
7.783313337598823637e+03 9.407564574398924462e-01
7.986482777510874257e+03 9.423622324462886946e-01
8.194356307616562844e+03 9.439247367622923823e-01
8.407039015599864797e+03 9.454450330793967572e-01
8.624638329690435057e+03 9.469241656993215850e-01
8.847264118811373919e+03 9.483631606075337839e-01
9.075028787268207452e+03 9.497630254790128124e-01
9.308047364643534820e+03 9.511247496396173506e-01
9.546437591650523245e+03 9.524493040027779411e-01
9.790320002841081077e+03 9.537376409981001002e-01
1.003981800663030845e+04 9.549906945026919169e-01
1.029505796342555550e+04 9.562093797852787569e-01
1.055616926246570256e+04 9.573945934697257742e-01
1.082328439767503369e+04 9.585472135214431200e-01
1.109653904301079638e+04 9.596680992597212967e-01
1.137607212759741014e+04 9.607580913971346392e-01
1.166202591095270327e+04 9.618180121064064947e-01
1.195454605887792241e+04 9.628486651154528619e-01
1.225378171946774455e+04 9.638508358267737774e-01
1.255988560046718158e+04 9.648252914635979671e-01
1.287301404719796665e+04 9.657727812377234766e-01
1.319332712198128320e+04 9.666940365398606350e-01
1.352098868492901056e+04 9.675897711494940712e-01
1.385616647600062061e+04 9.684606814616851800e-01
1.419903219917232309e+04 9.693074467308282482e-01
1.454976160837530369e+04 9.701307293279499699e-01
1.490853459547952843e+04 9.709311750101268235e-01
1.527553528043725601e+04 9.717094132001869999e-01
1.565095210410800792e+04 9.724660572757958255e-01
1.603497792354606099e+04 9.732017048654690861e-01
1.642781010984147360e+04 9.739169381500060174e-01
1.682965064904260362e+04 9.746123241687341121e-01
1.724070624613345353e+04 9.752884151288939707e-01
1.766118843197522801e+04 9.759457487166532941e-01
1.809131367366556151e+04 9.765848484092826132e-01
1.853130348796455655e+04 9.772062237868031076e-01
1.898138455853956839e+04 9.778103708432799301e-01
1.944178885636058840e+04 9.783977722958671075e-01
1.991275376382119066e+04 9.789688978917183704e-01
2.039452220216097703e+04 9.795242047115787498e-01
2.088734276294109804e+04 9.800641374704444075e-01
2.139146984253550545e+04 9.805891288136252548e-01
2.190716378058917326e+04 9.810995996090109417e-01
2.243469100166905992e+04 9.815959592344185580e-01
2.297432416070972613e+04 9.820786058604826785e-01
2.352634229152814441e+04 9.825479267282530849e-01
2.409103095907089664e+04 9.830042984220739299e-01
2.466868241442619546e+04 9.834480871368843635e-01
2.525959575350279192e+04 9.838796489407451995e-01
2.586407707828011917e+04 9.842993300317777194e-01
2.648243966133917274e+04 9.847074669901726418e-01
2.711500411318033730e+04 9.851043870250095758e-01
2.776209855193265321e+04 9.854904082157719403e-01
2.842405877605657952e+04 9.858658397491196768e-01
2.910122843879346328e+04 9.862309821502955876e-01
2.979395922477461863e+04 9.865861275096847738e-01
3.050261102868853777e+04 9.869315597046021127e-01
3.122755213485105196e+04 9.872675546159832560e-01
3.196915939776756204e+04 9.875943803402791321e-01
3.272781842369114747e+04 9.879122973968212928e-01
3.350392375058249308e+04 9.882215589298195546e-01
3.429787902750521607e+04 9.885224109058732278e-01
3.511009719212738855e+04 9.888150923067805520e-01
3.594100064385386213e+04 9.890998353171877033e-01
3.679102141306192789e+04 9.893768655077808116e-01
3.766060132272740157e+04 9.896464020132839101e-01
3.855019214254819963e+04 9.899086577059713621e-01
3.946025573150023411e+04 9.901638393640903590e-01
4.039126416818850703e+04 9.904121478357851283e-01
4.134369986562146369e+04 9.906537781983347779e-01
4.231805566687927785e+04 9.908889199126236225e-01
4.331483491993702046e+04 9.911177569733180537e-01
4.431483491993702046e+04 9.913362658228752622e-01
4.531483491993702046e+04 9.915444602763204829e-01
4.631483491993702046e+04 9.917430433159523107e-01
4.731483491993702046e+04 9.919326563436610122e-01
4.831483491993702046e+04 9.921138857157345559e-01
4.931483491993702046e+04 9.922872684806863797e-01
5.031483491993702046e+04 9.924532974122062257e-01
5.131483491993702046e+04 9.926124254377053369e-01
5.231483491993702046e+04 9.927650695480628729e-01
5.331483491993702046e+04 9.929116142588279015e-01
5.431483491993702046e+04 9.930524146816273046e-01
5.531483491993702046e+04 9.931877992557305301e-01
5.631483491993702046e+04 9.933180721826077031e-01
5.731483491993702046e+04 9.934435156002920930e-01
5.831483491993702046e+04 9.935643915292784456e-01
5.931483491993702046e+04 9.936809436173413834e-01
6.031483491993702046e+04 9.937933987070104447e-01
6.131483491993702046e+04 9.939019682462628680e-01
6.231483491993702046e+04 9.940068495603632259e-01
6.331483491993702046e+04 9.941082270004651944e-01
6.431483491993702046e+04 9.942062729826041112e-01
6.531483491993702046e+04 9.943011489290595195e-01
6.631483491993701318e+04 9.943930061225685346e-01
6.731483491993701318e+04 9.944819864826119904e-01
6.831483491993701318e+04 9.945682232719135207e-01
6.931483491993701318e+04 9.946518417403346080e-01
7.031483491993701318e+04 9.947329597124973111e-01
7.131483491993701318e+04 9.948116881247850429e-01
7.231483491993701318e+04 9.948881315166985262e-01
7.331483491993701318e+04 9.949623884810220309e-01
7.431483491993701318e+04 9.950345520767411855e-01
7.531483491993701318e+04 9.951047102082603013e-01
7.631483491993701318e+04 9.951729459740533690e-01
7.731483491993701318e+04 9.952393379875861257e-01
7.831483491993701318e+04 9.953039606730268440e-01
7.931483491993701318e+04 9.953668845380253538e-01
8.031483491993701318e+04 9.954281764255853426e-01
8.131483491993701318e+04 9.954878997468903368e-01
8.231483491993701318e+04 9.955461146967051755e-01
8.331483491993701318e+04 9.956028784528766495e-01
8.431483491993701318e+04 9.956582453612599082e-01
8.531483491993701318e+04 9.957122671073069808e-01
8.631483491993701318e+04 9.957649928754068736e-01
8.731483491993701318e+04 9.958164694969902087e-01
8.831483491993701318e+04 9.958667415883074581e-01
8.931483491993701318e+04 9.959158516787037785e-01
9.031483491993701318e+04 9.959638403301410703e-01
9.131483491993701318e+04 9.960107462486574859e-01
9.231483491993701318e+04 9.960566063883908861e-01
9.331483491993701318e+04 9.961014560487255753e-01
9.431483491993701318e+04 9.961453289650920029e-01
9.531483491993701318e+04 9.961882573939024876e-01
9.631483491993701318e+04 9.962302721920344162e-01
9.731483491993701318e+04 9.962714028912977859e-01
9.831483491993701318e+04 9.963116777682119451e-01
9.915741745996850659e+04 9.963449682621174919e-01
1.000000000000000000e+05 9.963776860035433725e-01
