# t  Nu
0.000000000000000000e+00 1.000000000000004441e+00
1.000000000000000167e-06 1.000000000000007994e+00
2.000000000000000333e-06 1.000000000000001332e+00
3.000000000000000076e-06 9.999999999999753530e-01
3.999999999999999819e-06 9.999999999998565592e-01
6.000000000000000152e-06 9.999999999993336441e-01
9.999999999999999124e-06 9.999999999969708675e-01
1.799999999999999707e-05 9.999999999869049194e-01
3.399999999999999973e-05 9.999999999457003241e-01
6.600000000000000506e-05 9.999999997790902651e-01
1.300000000000000157e-04 9.999999991093849738e-01
2.579999999999999828e-04 9.999999964246669704e-01
5.139999999999999170e-04 9.999999856777561646e-01
1.026000000000000002e-03 9.999999427026750043e-01
2.049999999999999739e-03 9.999997710526007388e-01
4.097999999999999213e-03 9.999990867349759505e-01
8.077326334449122167e-03 9.999964700384617045e-01
1.211782877173069907e-02 9.999920947771269164e-01
1.599835408427377828e-02 9.999862846526652582e-01
1.993589246333304921e-02 9.999788013178837476e-01
2.390763934929981960e-02 9.999696552534124150e-01
2.794212738516314506e-02 9.999587447293487585e-01
3.207282693435917903e-02 9.999459060158504276e-01
3.630458001934742940e-02 9.999310274959821720e-01
4.063961921767055702e-02 9.999140000978510301e-01
4.508054977687191156e-02 9.998947090493168766e-01
4.962961520740756527e-02 9.998730367167348865e-01
5.429014199252498590e-02 9.998488555279967382e-01
5.906619648770633502e-02 9.998220276099345494e-01
6.396188480253460484e-02 9.997924074870262467e-01
6.898067994333240138e-02 9.997598463944016300e-01
7.412415041128146698e-02 9.997242026610312360e-01
7.938934045176887500e-02 9.996853658032891499e-01
8.476300118109859894e-02 9.996433131830433361e-01
9.020835983749174447e-02 9.995982459360238659e-01
9.563493116164165087e-02 9.995509119772053586e-01
1.003067301883586865e-01 9.995107805764379405e-01
1.049134690010101734e-01 9.994717536805023395e-01
1.102430766746375773e-01 9.994272555898588983e-01
1.162968974333675048e-01 9.993775277755174713e-01
1.229600551723157159e-01 9.993237570103530309e-01
1.301187444909786273e-01 9.992670604320640360e-01
1.376568885536429421e-01 9.992085031258413075e-01
1.454909211958025639e-01 9.991488305421799554e-01
1.535600000241367780e-01 9.990885655288231915e-01
1.618157660757681970e-01 9.990281011225017327e-01
1.702217617341674483e-01 9.989677157589932355e-01
1.787515755101885540e-01 9.989075964490206072e-01
1.873856729733928417e-01 9.988478687871189532e-01
1.961076074880481745e-01 9.987886280410380735e-01
2.048992542225312463e-01 9.987299734554625497e-01
2.137346622073038049e-01 9.986720480178375992e-01
2.225711030476320851e-01 9.986150922190509815e-01
2.313343559441468078e-01 9.985595290798672252e-01
2.398933852183642579e-01 9.985061076803395386e-01
2.471958269050028578e-01 9.984611654447707041e-01
2.545230727219431888e-01 9.984166368185432017e-01
2.620231281203387885e-01 9.983716243787872369e-01
2.705526189969832962e-01 9.983211040520417745e-01
2.799909596337243900e-01 9.982660000741607753e-01
2.899806196968345851e-01 9.982085554972991437e-01
3.002621175830286759e-01 9.981503367656127113e-01
3.105136657470736750e-01 9.980931628837885761e-01
3.200818900524833865e-01 9.980405574280515335e-01
3.306917203483089596e-01 9.979830449740453302e-01
3.423447623536467477e-01 9.979208295374453197e-01
3.545858917751306683e-01 9.978565018823158939e-01
3.672161651409054373e-01 9.977911848211441503e-01
3.800541119558263348e-01 9.977258443808869615e-01
3.929272853130308385e-01 9.976613421126732106e-01
4.056519976564584851e-01 9.975985426898462682e-01
4.179728524008595181e-01 9.975386080340349348e-01
4.281970134945260464e-01 9.974895007748592057e-01
4.384793434188605232e-01 9.974406684673592371e-01
4.492624597722940649e-01 9.973900352643331191e-01
4.613037578853356746e-01 9.973341691342694215e-01
4.739260958601049234e-01 9.972763457808119236e-01
4.859261487672255631e-01 9.972220507666913480e-01
4.984056881143802409e-01 9.971662628764156322e-01
5.124411203411818327e-01 9.971043144213747045e-01
5.278317593751050696e-01 9.970373159554194453e-01
5.442635263897076525e-01 9.969668190904303895e-01
5.614163301650533233e-01 9.968943221160422308e-01
5.788912567194212100e-01 9.968215655740341186e-01
5.958750766694913548e-01 9.967518772168387775e-01
6.130513906335385288e-01 9.966823846223433758e-01
6.297083628096628027e-01 9.966159043154068087e-01
6.431143537044098357e-01 9.965630296437271163e-01
6.562811421458651928e-01 9.965116283423988142e-01
6.717634542071738712e-01 9.964518379050535390e-01
6.895880302378333271e-01 9.963838438835348477e-01
7.092564169193494861e-01 9.963098254099689299e-01
7.302009289806142833e-01 9.962321249191087302e-01
7.519266084998591504e-01 9.961527003217277576e-01
7.741015723983905028e-01 9.960728175183332089e-01
7.964596043306246820e-01 9.959934389893954076e-01
8.186969263662746688e-01 9.959156034206884112e-01
8.403803699975317398e-01 9.958407368470226784e-01
8.584969202240030350e-01 9.957789401945745800e-01
8.761641462881520903e-01 9.957193165746893726e-01
8.938938330451696723e-01 9.956600990178339217e-01
9.124551122136378423e-01 9.955987468270907081e-01
9.333378360683566299e-01 9.955304837831716602e-01
9.570662851178446395e-01 9.954538666968818506e-01
9.827183153031927576e-01 9.953721346307369267e-01
1.009475416932275715e+00 9.952880517842452868e-01
1.036741783266570405e+00 9.952035530142172570e-01
1.063995346377376139e+00 9.951202452332572612e-01
1.090743631399416325e+00 9.950395613996538824e-01
1.116427432283047638e+00 9.949630605212435031e-01
1.137563196008359645e+00 9.949007993552956286e-01
1.158803815000016169e+00 9.948388412126800695e-01
1.178435838719752438e+00 9.947821067752893320e-01
1.200947666138026282e+00 9.947176614705065534e-01
1.226920565447715106e+00 9.946440970632404177e-01
1.254341861674105552e+00 9.945673210994939728e-01
1.281266280961403936e+00 9.944928004349171680e-01
1.310741582367598523e+00 9.944121704369984771e-01
1.342051194886027421e+00 9.943275766068079280e-01
1.373921631753652450e+00 9.942425465586152145e-01
1.405368125074494046e+00 9.941596802540757505e-01
1.431473488800316884e+00 9.940916455689517983e-01
1.457764469148265407e+00 9.940238012420081759e-01
1.485093219578635049e+00 9.939539765484143308e-01
1.511878524455930739e+00 9.938862125801113390e-01
1.543572010200244371e+00 9.938068666953848718e-01
1.578985696996740851e+00 9.937192466514270794e-01
1.616051867585159618e+00 9.936286768424226201e-01
1.653560491857222647e+00 9.935381738811175367e-01
1.685847537487781267e+00 9.934611676449066620e-01
1.717975390336919039e+00 9.933853414336942800e-01
1.751869690796592938e+00 9.933061869800943189e-01
1.782561277869372018e+00 9.932352375115705012e-01
1.815920762884607909e+00 9.931588815952082649e-01
1.847662335896605779e+00 9.930869463296275734e-01
1.882963569857464936e+00 9.930077435823564391e-01
1.922739654244948415e+00 9.929194818936735167e-01
1.963943121441119821e+00 9.928291175660921564e-01
2.003683649491779128e+00 9.927429587249783083e-01
2.040441593202872550e+00 9.926641138989377167e-01
2.078613139522994757e+00 9.925830753443728449e-01
2.113579724248364489e+00 9.925095718413144974e-01
2.148308309369554081e+00 9.924372432470546235e-01
2.182640413085358500e+00 9.923663856577806808e-01
2.217558551949076584e+00 9.922949613605011043e-01
2.258480912760595594e+00 9.922120600090923448e-01
2.304631466905207482e+00 9.921195814105470134e-01
2.353080535146519825e+00 9.920236214370822259e-01
2.401599804488666834e+00 9.919286437714494031e-01
2.442503767204396770e+00 9.918494223525499143e-01
2.483678913078009032e+00 9.917704396380658816e-01
2.526702947545207856e+00 9.916887086068200130e-01
2.569779195605172539e+00 9.916076757328036173e-01
2.608882277131749916e+00 9.915347920538937210e-01
2.653636753448758157e+00 9.914521438994846614e-01
2.704117313747544049e+00 9.913598818172628668e-01
2.757257625182329530e+00 9.912638298426384997e-01
2.810049626676987433e+00 9.911694664136588839e-01
2.859004299099595858e+00 9.910828809573909437e-01
2.907587349064823190e+00 9.909978047372428600e-01
2.955194960827972839e+00 9.909152400272199790e-01
2.998308328287247360e+00 9.908411404220800467e-01
3.043846980412911574e+00 9.907635492027235813e-01
3.095272117491211894e+00 9.906767448577105117e-01
3.151864620921309257e+00 9.905821950123672170e-01
3.209297296996680426e+00 9.904872620462172872e-01
3.263374036856179217e+00 9.903987930471465084e-01
3.318820585987183325e+00 9.903089834256556534e-01
3.370220538723281312e+00 9.902265238250740342e-01
3.422121836988210930e+00 9.901440187551658889e-01
3.473566904597390259e+00 9.900629748964925314e-01
3.532995833132595465e+00 9.899702443761566606e-01
3.596701245971664740e+00 9.898718760049497467e-01
3.652366343284425998e+00 9.897867797500971010e-01
3.707382071511041488e+00 9.897034435016430765e-01
3.766274774322634578e+00 9.896150606260856186e-01
3.827714164825583687e+00 9.895237456527722353e-01
3.883299263107506949e+00 9.894418979196663022e-01
3.937878766360245919e+00 9.893622241321244903e-01
3.994718420920154056e+00 9.892799659419072578e-01
4.057660944861376962e+00 9.891897084403413754e-01
4.123690793129933141e+00 9.890959437587280023e-01
4.190828762250822237e+00 9.890015495572885840e-01
4.258434655542012059e+00 9.889074374559250202e-01
4.324257938826670866e+00 9.888166929341949407e-01
4.385141250914736943e+00 9.887335205297458351e-01
4.449283056054629704e+00 9.886466717298251217e-01
4.521479022743664089e+00 9.885498478564391789e-01
4.593519010050871820e+00 9.884541939515960607e-01
4.667102180230385144e+00 9.883574595656717809e-01
4.733544552279624895e+00 9.882709359289569839e-01
4.800740669498789082e+00 9.881842085770426998e-01
4.862663298013431223e+00 9.881049667131784897e-01
4.924815181800481945e+00 9.880260740950399523e-01
4.998277484869957377e+00 9.879336380655835415e-01
5.071808595848559698e+00 9.878419806507946488e-01
5.147921674702440775e+00 9.877479975985749006e-01
5.229665925739519494e+00 9.876480509770925176e-01
5.297585512070734026e+00 9.875657720321248112e-01
5.365169316107958331e+00 9.874845751782426184e-01
5.436198135105778206e+00 9.873999516904243823e-01
5.513702136197258241e+00 9.873084304601121852e-01
5.595067716143478087e+00 9.872132482646767127e-01
5.678867831906947217e+00 9.871161611424729143e-01
5.766572522260056566e+00 9.870155536390643469e-01
5.849269883964186789e+00 9.869216109853486962e-01
5.928323816392627066e+00 9.868326262062141474e-01
6.001204112050176676e+00 9.867512867300385349e-01
6.081248882944175094e+00 9.866627061714019487e-01
6.165676781842137189e+00 9.865701155410613321e-01
6.256720646427724297e+00 9.864712172863288053e-01
6.345766677529474542e+00 9.863754223319606274e-01
6.429736139086503321e+00 9.862859179772894835e-01
6.514883136944880526e+00 9.861959648433745729e-01
6.600238858727129454e+00 9.861065912096683705e-01
6.694903533972001775e+00 9.860083891998155936e-01
6.796844376380372310e+00 9.859036983092737128e-01
6.882951921445547683e+00 9.858161080183989178e-01
6.965512760746175758e+00 9.857328349316347715e-01
7.045152179375314461e+00 9.856531555008885004e-01
7.126808346573137776e+00 9.855721072036643937e-01
7.217082143341924549e+00 9.854832572340694874e-01
7.316015682414022336e+00 9.853867749114452179e-01
7.420165596712545941e+00 9.852861935190652121e-01
7.520124264177240114e+00 9.851905954445636659e-01
7.615540119937902475e+00 9.851001815775523029e-01
7.708102736464967464e+00 9.850132414278659487e-01
7.801272404866325338e+00 9.849264840005915733e-01
7.907632173945165377e+00 9.848283512130499018e-01
8.019097588890033990e+00 9.847265267305687075e-01
8.124720912260270822e+00 9.846309842778907528e-01
8.232752168700249840e+00 9.845341979005688415e-01
8.331190046178830855e+00 9.844468151113943133e-01
8.425786433651381913e+00 9.843635571680272589e-01
8.533442272114367455e+00 9.842696430212614089e-01
8.647749752161224990e+00 9.841708861976261602e-01
8.754930703261658564e+00 9.840791696673493183e-01
8.857532782615377798e+00 9.839921591149569657e-01
8.961876549113723556e+00 9.839044491367178180e-01
9.066683092697880753e+00 9.838171271759227343e-01
9.185537165421822081e+00 9.837190278705566504e-01
9.306896537984350459e+00 9.836198601396132224e-01
9.420141153744820528e+00 9.835282192621558339e-01
9.529334384733006758e+00 9.834406628904118763e-01
9.632716757775570571e+00 9.833584842598493969e-01
9.739008163742964186e+00 9.832747108742229125e-01
9.855625530433579584e+00 9.831836235041409022e-01
9.980768867516964349e+00 9.830868212322511068e-01
1.010954857287928021e+01 9.829882106364017380e-01
1.023195880052572093e+01 9.828954070010588184e-01
1.035281356399496744e+01 9.828046575612012781e-01
1.047004552109463482e+01 9.827174466419030807e-01
1.059955126531511738e+01 9.826220271201711043e-01
1.073208897617877433e+01 9.825253604444083022e-01
1.084985573146478011e+01 9.824402923399458976e-01
1.097079381250878605e+01 9.823537297883719877e-01
1.109408907064298688e+01 9.822662988984220966e-01
1.121919610803897704e+01 9.821784163230535825e-01
1.135184896273306343e+01 9.820861364242815528e-01
1.149256602524150495e+01 9.819892477906575490e-01
1.163049523840934540e+01 9.818952641449841812e-01
1.176177843109175036e+01 9.818067021366732039e-01
1.188287812833795698e+01 9.817257715861854583e-01
1.201523020946784470e+01 9.816381455823625091e-01
1.215703727155962355e+01 9.815452020486770124e-01
1.229514014452875514e+01 9.814556103981837420e-01
1.242758229673515835e+01 9.813705359830543484e-01
1.256233229830715636e+01 9.812848167221049911e-01
1.269042765485192170e+01 9.812041040428983729e-01
1.282507789090517925e+01 9.811200632393265453e-01
1.296218745396765115e+01 9.810353215281407691e-01
1.309913354889698134e+01 9.809515103424051308e-01
1.323769850539839155e+01 9.808675415098119243e-01
1.337433743998045976e+01 9.807855502728245467e-01
1.350502576889209294e+01 9.807078737104262256e-01
1.365015049767147204e+01 9.806224584278097067e-01
1.379883127640888318e+01 9.805358575466712745e-01
1.394284753720187098e+01 9.804528384385657880e-01
1.408822578198118514e+01 9.803698868062318272e-01
1.423075675450829891e+01 9.802893815244213549e-01
1.437666922372097034e+01 9.802077990369281180e-01
1.453305191391102547e+01 9.801212864840587180e-01
1.468883455303213381e+01 9.800360450237899368e-01
1.484838187527957132e+01 9.799497032852330092e-01
1.499517180934126159e+01 9.798711132703015192e-01
1.514416614463980792e+01 9.797921643515818957e-01
1.530319841241378853e+01 9.797087989379702488e-01
1.546365547797049977e+01 9.796256201893267512e-01
1.562213094249617740e+01 9.795443785843438445e-01
1.577922788662704789e+01 9.794647261113015313e-01
1.593440327514158916e+01 9.793869009686593241e-01
1.608801730341104630e+01 9.793106849760608856e-01
1.625729226535695915e+01 9.792276400714028384e-01
1.643089127930142368e+01 9.791434875533835402e-01
1.660032049832392431e+01 9.790623352024164783e-01
1.676837247191640756e+01 9.789827871959672079e-01
1.692676209150598510e+01 9.789086651318656962e-01
1.709560278176881098e+01 9.788305532550207744e-01
1.727082486043310894e+01 9.787504619702297459e-01
1.744714572235784900e+01 9.786708581524343753e-01
1.761525408814512872e+01 9.785958770702872789e-01
1.778884546271608968e+01 9.785193781382276468e-01
1.795555890332567728e+01 9.784467888241088485e-01
1.813159272081983175e+01 9.783710663455029710e-01
1.831922710968470014e+01 9.782913894059371840e-01
1.850009190266322179e+01 9.782155885685013263e-01
1.868976820025400443e+01 9.781371400750558109e-01
1.887561962417585804e+01 9.780613011791366995e-01
1.906562971995026601e+01 9.779848063476400677e-01
1.926754845482562928e+01 9.779046591906973562e-01
1.946153821082534918e+01 9.778287564963538125e-01
1.966664066102148212e+01 9.777496632237104857e-01
1.985640796359526661e+01 9.776775330850488999e-01
2.004718933012350490e+01 9.776060245885650479e-01
2.025451602836004383e+01 9.775294485032020031e-01
2.046438441163431321e+01 9.774531249842774994e-01
2.067743897355022753e+01 9.773768568304476156e-01
2.088140036417926382e+01 9.773049790035583939e-01
2.108096584273949858e+01 9.772357152136788017e-01
2.129706783709867679e+01 9.771618887833927181e-01
2.152326081371001010e+01 9.770859132872210528e-01
2.174302177995032181e+01 9.770133581389586208e-01
2.195948540125348103e+01 9.769430943042385351e-01
2.216401999868004680e+01 9.768777896828807483e-01
2.238035722473493649e+01 9.768098559887838928e-01
2.261536560141241736e+01 9.767373746389743649e-01
2.283556243044859357e+01 9.766706936614664158e-01
2.306294924134176938e+01 9.766030753650687402e-01
2.328527739845573663e+01 9.765381691007332110e-01
2.351044362414381084e+01 9.764736410132351940e-01
2.375200241354198027e+01 9.764057536722786645e-01
2.397841224711182306e+01 9.763433711402637050e-01
2.421379078949992802e+01 9.762797862122801762e-01
2.444031174720671373e+01 9.762198053912879425e-01
2.466989368574687802e+01 9.761602164777122281e-01
2.491526533322652526e+01 9.760978565683874342e-01
2.515915745281944282e+01 9.760372205970249126e-01
2.540390190906555290e+01 9.759777124881303667e-01
2.563991937753005246e+01 9.759215872787545543e-01
2.587367416379066754e+01 9.758672109202310985e-01
2.611965874087777095e+01 9.758112806640866221e-01
2.637431567533757359e+01 9.757547623357801791e-01
2.662963246447516497e+01 9.756994995418704075e-01
2.687929729092624598e+01 9.756468069052807168e-01
2.712216392628379680e+01 9.755968170361956071e-01
2.737003635143756597e+01 9.755470764554606822e-01
2.763502222837478328e+01 9.754953204210659035e-01
2.789522297307577148e+01 9.754459145914925466e-01
2.815774296495858664e+01 9.753974788392961726e-01
2.840878590403922388e+01 9.753524757735377859e-01
2.865322679130306582e+01 9.753098826041527447e-01
2.892306664961390439e+01 9.752642585260555830e-01
2.918416064960689837e+01 9.752214961860422582e-01
2.945631758357767183e+01 9.751783588412857862e-01
2.971541750254831626e+01 9.751386437714677502e-01
2.996555449606877630e+01 9.751015452165803232e-01
3.024114616856074989e+01 9.750620745987046423e-01
3.050773369330963547e+01 9.750252831796789588e-01
3.078531020576456712e+01 9.749884164843957146e-01
3.105146842482244551e+01 9.749544370449766406e-01
3.131543437515669126e+01 9.749220531746857210e-01
3.159173596822601837e+01 9.748895492719322764e-01
3.186562284574127446e+01 9.748587256423666414e-01
3.214602312890685454e+01 9.748285983257908294e-01
3.242104180771848831e+01 9.748004435649743060e-01
3.269961253404039070e+01 9.747733223833036087e-01
3.297252439583652972e+01 9.747481057024097728e-01
3.325116669642008560e+01 9.747237314998186131e-01
3.353844928004034642e+01 9.747000420424682954e-01
3.382022085372562969e+01 9.746782170053632788e-01
3.410696683625770476e+01 9.746574292685595831e-01
3.438522738364186182e+01 9.746386182684773081e-01
3.466441560217414519e+01 9.746210822442961108e-01
3.495868555102390474e+01 9.746040383851880540e-01
3.524760773859637197e+01 9.745887303881594077e-01
3.554148231589674367e+01 9.745745981376386924e-01
3.582690046790297345e+01 9.745622499651221959e-01
3.611671015803030826e+01 9.745510896583781113e-01
3.642045158604820188e+01 9.745408710879601699e-01
3.670911698727321237e+01 9.745325504099147107e-01
3.699926484958857742e+01 9.745255416466936937e-01
3.728971101429179669e+01 9.745198749362624646e-01
3.758537298071601640e+01 9.745154816796539610e-01
3.788926361853257418e+01 9.745124000009072196e-01
3.818843584250482337e+01 9.745107738568786759e-01
3.848198750825912384e+01 9.745105241290121789e-01
3.878423626783736466e+01 9.745116479914908147e-01
3.909212140451980844e+01 9.745142207714588833e-01
3.939032254257504206e+01 9.745180741365664367e-01
3.968427581483398114e+01 9.745231721315383844e-01
3.999276649100436742e+01 9.745298973601708159e-01
4.030323875377300169e+01 9.745380745397274058e-01
4.060882840278973305e+01 9.745474900657886685e-01
4.091569256093654872e+01 9.745582964239816182e-01
4.122257642570569658e+01 9.745704449383432166e-01
4.153263078871138703e+01 9.745840680034392189e-01
4.184692403421499307e+01 9.745992474087062929e-01
4.215928371992205115e+01 9.746156861479130518e-01
4.246959369278079777e+01 9.746333384852348125e-01
4.279067119652941642e+01 9.746529753004897767e-01
4.310823895464849898e+01 9.746737551951941692e-01
4.343172039064356937e+01 9.746962949396053011e-01
4.375739668128132820e+01 9.747203715207900521e-01
4.409017639318831527e+01 9.747463909396045789e-01
4.442888569571360335e+01 9.747743278603073769e-01
4.477717217337609412e+01 9.748045651909141851e-01
4.513945434392655187e+01 9.748376215589714677e-01
4.552203758222980667e+01 9.748742814687392233e-01
4.592800045096199568e+01 9.749151197531858992e-01
4.635420635286536850e+01 9.749601073844165189e-01
4.679720252843434736e+01 9.750091218227794343e-01
4.725434039231795680e+01 9.750620661486425478e-01
4.772340896341169270e+01 9.751188411652792487e-01
4.820264795558185256e+01 9.751793567247629690e-01
4.869059858019394227e+01 9.752435226882257835e-01
4.918597330627950726e+01 9.753112384101875199e-01
4.968762543184810454e+01 9.753823929106294477e-01
5.019453963736587809e+01 9.754568674579294774e-01
5.070582649778377515e+01 9.755345385958346105e-01
5.122071848499545865e+01 9.756152812844645084e-01
5.173856248891752330e+01 9.756989713292402167e-01
5.225880959963851780e+01 9.757854870605440212e-01
5.278100392879787250e+01 9.758747104574602149e-01
5.330477137109600960e+01 9.759665278370973640e-01
5.382980892960781460e+01 9.760608302250407542e-01
5.435587495042510398e+01 9.761575134995654768e-01
5.488278038136928672e+01 9.762564783736823459e-01
5.541038106685367381e+01 9.763576302638682369e-01
5.593857103646188023e+01 9.764608790833363416e-01
5.646727671094843259e+01 9.765661389877472454e-01
5.699645193312619540e+01 9.766733280937078820e-01
5.752607372675684871e+01 9.767823681844517436e-01
5.805613868636889663e+01 9.768931844121715447e-01
5.858665990679698155e+01 9.770057050025222622e-01
5.911766436903664612e+01 9.771198609649220934e-01
5.964919070775437859e+01 9.772355858097169223e-01
6.018128729473826155e+01 9.773528152724687557e-01
6.071401058090738445e+01 9.774714870447026582e-01
6.124742364723022092e+01 9.775915405096351485e-01
6.178159492148034104e+01 9.777129164814915008e-01
6.231659702339758411e+01 9.778355569463224040e-01
6.285250570552062754e+01 9.779594048026349906e-01
6.338939886210275176e+01 9.780844035999379793e-01
6.392735557998551599e+01 9.782104972733538517e-01
6.446645521060075623e+01 9.783376298726644826e-01
6.500677644301855196e+01 9.784657452843622538e-01
6.554839636190919805e+01 9.785947869458051507e-01
6.609138947542348319e+01 9.787246975506060931e-01
6.663582670135048147e+01 9.788554187453736288e-01
6.718177430279770590e+01 9.789868908185862528e-01
6.772929276763980511e+01 9.791190523829895742e-01
6.827843562952405421e+01 9.792518400542733481e-01
6.882924823417870641e+01 9.793851881301411932e-01
6.938176645937116405e+01 9.795190282753297728e-01
6.993601540387999194e+01 9.796532892199358855e-01
7.049200806862444324e+01 9.797878964801230994e-01
7.104974406121644392e+01 9.799227721125323143e-01
7.160920836486403118e+01 9.800578345154639104e-01
7.217037022030892501e+01 9.801929982914788786e-01
7.273318217905416816e+01 9.803281741874559918e-01
7.329757939125387622e+01 9.804632691282214596e-01
7.386347919571105081e+01 9.805981863594492864e-01
7.443078107868711868e+01 9.807328257135586869e-01
7.499936706130907282e+01 9.808670840084655618e-01
7.556910256351203259e+01 9.810008555840507016e-01
7.613983777287813837e+01 9.811340329745275035e-01
7.671140952237041688e+01 9.812665077067087571e-01
7.728364365000662417e+01 9.813981712057839868e-01
7.785635778299686649e+01 9.815289157817991272e-01
7.842936445746116192e+01 9.816586356629508625e-01
7.900247445866811802e+01 9.817872280364857707e-01
7.957550024855611071e+01 9.819145940558442476e-01
8.014825933953939341e+01 9.820406397735077508e-01
8.072057747672778305e+01 9.821652769632822633e-01
8.129229150598287390e+01 9.822884238026455828e-01
8.186325182885953211e+01 9.824100053949381683e-01
8.243332437597001672e+01 9.825299541211406362e-01
8.300239206342004650e+01 9.826482098211197780e-01
8.357035572878628216e+01 9.827647198130716744e-01
8.413713457150613806e+01 9.828794387671009325e-01
8.470266614479527334e+01 9.829923284540134087e-01
8.526690596153194690e+01 9.831033573932489444e-01
8.582982678492533068e+01 9.832125004246566879e-01
8.639141767701141816e+01 9.833197382278506815e-01
8.695168287519813077e+01 9.834250568108775514e-01
8.751064056060675966e+01 9.835284469869669532e-01
8.806832157346882184e+01 9.836299038546845175e-01
8.862476812118985947e+01 9.837294262937373857e-01
8.918003251500223882e+01 9.838270164852451760e-01
8.973417596214252967e+01 9.839226794626284578e-01
9.028726743241938379e+01 9.840164226969210226e-01
9.083938261120171376e+01 9.841082557182548873e-01
9.139060294546942487e+01 9.841981897738826257e-01
9.194101478497134394e+01 9.842862375218345283e-01
9.249070861744077376e+01 9.843724127587022421e-01
9.303977839447350107e+01 9.844567301793193392e-01
9.358832094313606831e+01 9.845392051659593857e-01
9.413643545709275884e+01 9.846198536044268312e-01
9.468422306092381291e+01 9.846986917244069382e-01
9.523178644108890012e+01 9.847757359616198247e-01
9.577922953665671457e+01 9.848510028391858073e-01
9.632665728381157066e+01 9.849245088661062741e-01
9.687417540801526172e+01 9.849962704507162492e-01
9.742189025843836703e+01 9.850663038271827432e-01
9.796990867949543258e+01 9.851346249933615740e-01
9.851833791517690031e+01 9.852012496584292567e-01
9.906728554182446089e+01 9.852661931990359667e-01
9.961685942573036812e+01 9.853294706226284339e-01
1.001671677024950213e+02 9.853910965370288322e-01
1.007183187749055264e+02 9.854510851251871983e-01
1.012704213270205713e+02 9.855094501243782945e-01
1.018235843523033992e+02 9.855662048091429206e-01
1.023779171933249756e+02 9.856213619772434820e-01
1.029335295918763364e+02 9.856749339382554487e-01
1.034905317474077009e+02 9.857269325041694286e-01
1.040490343828605688e+02 9.857773689817245222e-01
1.046091488162918637e+02 9.858262541660283151e-01
1.051709870373965288e+02 9.858735983352070464e-01
1.057346617880921542e+02 9.859194112458660175e-01
1.063002866459346336e+02 9.859637021291057790e-01
1.068679761099320018e+02 9.860064796868909243e-01
1.074378456878579868e+02 9.860477520886452574e-01
1.080100119845055104e+02 9.860875269679795219e-01
1.085845927902846739e+02 9.861258114193747204e-01
1.091617071696373955e+02 9.861626119948113667e-01
1.097414755488544529e+02 9.861979347002257645e-01
1.103240198027006898e+02 9.862317849917754398e-01
1.109094633395871625e+02 9.862641677718657629e-01
1.114979311848778991e+02 9.862950873849337663e-01
1.120895500619057259e+02 9.863245476129179901e-01
1.126844484705766547e+02 9.863525516705086149e-01
1.132827567630680363e+02 9.863791022000938380e-01
1.138846072164784999e+02 9.864042012664621106e-01
1.144901341021285077e+02 9.864278503512621255e-01
1.150994737514748607e+02 9.864500503472296566e-01
1.157127646179728799e+02 9.864708015522249962e-01
1.163301473353028825e+02 9.864901036631215092e-01
1.169517647712351334e+02 9.865079557695171086e-01
1.175777620774420598e+02 9.865243563473495847e-01
1.182082867345641830e+02 9.865393032523986916e-01
1.188434885928092513e+02 9.865527937137757997e-01
1.194835199074969694e+02 9.865648243273588136e-01
1.201285353696343776e+02 9.865753910491993350e-01
1.207786921308894108e+02 9.865844891889917756e-01
1.214341498228514808e+02 9.865921134035852136e-01
1.220950705699347338e+02 9.865982576905620860e-01
1.227616189955585639e+02 9.866029153818887121e-01
1.234339622208075866e+02 9.866060791377563310e-01
1.241122698543299805e+02 9.866077409406021070e-01
1.247967139728532970e+02 9.866078920893178728e-01
1.254874690907435735e+02 9.866065231937998226e-01
1.261847121164644392e+02 9.866036241698667997e-01
1.268886222945629072e+02 9.865991842346716334e-01
1.275993811296856393e+02 9.865931919027266517e-01
1.283171722904656917e+02 9.865856349827510918e-01
1.290421814888505878e+02 9.865765005755161576e-01
1.297745963306374790e+02 9.865657750730392195e-01
1.305146061320542685e+02 9.865534441594396853e-01
1.312624016964699365e+02 9.865394928138737640e-01
1.320181750441403494e+02 9.865239053161534155e-01
1.327821190865651033e+02 9.865066652555717353e-01
1.335544272372659691e+02 9.864877555438309464e-01
1.343352929479054012e+02 9.864671584328787990e-01
1.351249091588991007e+02 9.864448555387501649e-01
1.359234676522032430e+02 9.864208278725825618e-01
1.367311582930931024e+02 9.863950558802546675e-01
1.375481681467323369e+02 9.863675194921328604e-01
1.383746804556956818e+02 9.863381981846548463e-01
1.392108734642107777e+02 9.863070710555583709e-01
1.400569190758113223e+02 9.862741169147748455e-01
1.409129813331825005e+02 9.862393143928598338e-01
1.417792147113931946e+02 9.862026420690338524e-01
1.426557622203323490e+02 9.861640786205527753e-01
1.435427533181647846e+02 9.861236029950318782e-01
1.444403016453712780e+02 9.860811946067009615e-01
1.453485025993740862e+02 9.860368335570603993e-01
1.462674307818266470e+02 9.859905008794029868e-01
1.471971373653128978e+02 9.859421788055124924e-01
1.481376474425730123e+02 9.858918510513631217e-01
1.490889574387370544e+02 9.858395031169833178e-01
1.500510326845501652e+02 9.857851225937250828e-01
1.510238052642500008e+02 9.857286994701890404e-01
1.520071722646822820e+02 9.856702264261084645e-01
1.530009945584277204e+02 9.856096991018454823e-01
1.540050962523856128e+02 9.855471163299855952e-01
1.550192649219033854e+02 9.854824803149234702e-01
1.560432527267749094e+02 9.854157967470246193e-01
1.570767784704715666e+02 9.853470748395121159e-01
1.581195306181300282e+02 9.852763272790963089e-01
1.591711712348846675e+02 9.852035700852557198e-01
1.602313407492926274e+02 9.851288223779697262e-01
1.612996633919928229e+02 9.850521060588790512e-01
1.623757531136006378e+02 9.849734454160753439e-01
1.634592197534678348e+02 9.848928666672376320e-01
1.645496752165151690e+02 9.848103974593682697e-01
1.656467394202061882e+02 9.847260663453001328e-01
1.667500457968507703e+02 9.846399022574867654e-01
1.678592461750760094e+02 9.845519339984080132e-01
1.689740149124759512e+02 9.844621897643488495e-01
1.700940522050501045e+02 9.843706967157541676e-01
1.712190865497598509e+02 9.842774806033958157e-01
1.723488763837896727e+02 9.841825654555029779e-01
1.734832109598262377e+02 9.840859733273097376e-01
1.746219105444914987e+02 9.839877241112200412e-01
1.757648260413363346e+02 9.838878354035123230e-01
1.769118381484076394e+02 9.837863224216357727e-01
1.780628561569232602e+02 9.836831979653095637e-01
1.792178164918509253e+02 9.835784724142093705e-01
1.803766810836149546e+02 9.834721537551663895e-01
1.815394356478915086e+02 9.833642476321672321e-01
1.827060879356815519e+02 9.832547574131910162e-01
1.838766660039844396e+02 9.831436842686749333e-01
1.850512165452788906e+02 9.830310272571369801e-01
1.862298033032994908e+02 9.829167834143086591e-01
1.874125055926052710e+02 9.828009478429147183e-01
1.885994169352416350e+02 9.826835138007511405e-01
1.897906438191357097e+02 9.825644727852924643e-01
1.909863045795921153e+02 9.824438146136833527e-01
1.921865284022361777e+02 9.823215274971525135e-01
1.933914544439781480e+02 9.821975981091989327e-01
1.946012310654394923e+02 9.820720116472894112e-01
1.958160151687176267e+02 9.819447518879088621e-01
1.970359716347989831e+02 9.818158012347858454e-01
1.982612728507470479e+02 9.816851407606337343e-01
1.994920983233353411e+02 9.815527502421634853e-01
2.007286343696871995e+02 9.814186081888609525e-01
2.019710738809812938e+02 9.812826918655306319e-01
2.032196161518685074e+02 9.811449773088906090e-01
2.044744667721083999e+02 9.810054393383468296e-01
2.057358375750519883e+02 9.808640515611732891e-01
2.070039466396420949e+02 9.807207863722314789e-01
2.082790183424726251e+02 9.805756149483496609e-01
2.095612834567521077e+02 9.804285072375363841e-01
2.108509792971429988e+02 9.802794319429845027e-01
2.121483499073590906e+02 9.801283565020401101e-01
2.134536462906808367e+02 9.799752470600094911e-01
2.147671266813971727e+02 9.798200684389306581e-01
2.160890568580571767e+02 9.796627841010853155e-01
2.174197104982112307e+02 9.795033561072579165e-01
2.187593695753052998e+02 9.793417450695488524e-01
2.201083247988366622e+02 9.791779100985787965e-01
2.214668760994149750e+02 9.790118087448573814e-01
2.228353331614255239e+02 9.788433969339384033e-01
2.242140160043278172e+02 9.786726288952201092e-01
2.256032556164482514e+02 9.784994570839088412e-01
2.270033946463315715e+02 9.783238320955440770e-01
2.284147881523560386e+02 9.781457025729712873e-01
2.298378044186891316e+02 9.779650151048329132e-01
2.312728258416533151e+02 9.777817141150286773e-01
2.327202498922904681e+02 9.775957417426023310e-01
2.341804901631827249e+02 9.774070377109614904e-01
2.356539775064607056e+02 9.772155391857600959e-01
2.371411612724997440e+02 9.770211806203632499e-01
2.386425106601203936e+02 9.768238935875259710e-01
2.401585161868851799e+02 9.766236065965581137e-01
2.416896912963020725e+02 9.764202448939208745e-01
2.432365741119133702e+02 9.762137302463039790e-01
2.447997293569598583e+02 9.760039807041173132e-01
2.463797504568856880e+02 9.757909103435535858e-01
2.479772618439756968e+02 9.755744289852386064e-01
2.495929214884056080e+02 9.753544418870150334e-01
2.512274236771607150e+02 9.751308494087751466e-01
2.528815020736586803e+02 9.749035466459582411e-01
2.545559330822479183e+02 9.746724230298096092e-01
2.562515395590731373e+02 9.744373618903652279e-01
2.579691949009800283e+02 9.741982399797279868e-01
2.597098275555227360e+02 9.739549269522083108e-01
2.614744259941506925e+02 9.737072847984673540e-01
2.632640441971877294e+02 9.734551672306398507e-01
2.650798076934947858e+02 9.731984190169530313e-01
2.669229202051961920e+02 9.729368752644397267e-01
2.687946709364571234e+02 9.726703606511770683e-01
2.706964425406018222e+02 9.723986886118743955e-01
2.726297197836988175e+02 9.721216604848360587e-01
2.745960988883538789e+02 9.718390646358644469e-01
2.765972975020016520e+02 9.715506755833729358e-01
2.786351651595448402e+02 9.712562531637209950e-01
2.807116939963020741e+02 9.709555417968191993e-01
2.828290293037231891e+02 9.706482699416378868e-01
2.849894792699494701e+02 9.703341498744630922e-01
2.871955228828828695e+02 9.700128779837801085e-01
2.894498144366031624e+02 9.696841358629334495e-01
2.917551823259232151e+02 9.693475926014035737e-01
2.941146187436757486e+02 9.690029088401789226e-01
2.965312554409762811e+02 9.686497433742294882e-01
2.990083188091904844e+02 9.682877633597047895e-01
3.015490552333405390e+02 9.679166595015042951e-01
3.041566151978340713e+02 9.675361679093379408e-01
3.068338827236409543e+02 9.671461004930375083e-01
3.095832368415462952e+02 9.667463855849809384e-01
3.124062365802169552e+02 9.663371195283735338e-01
3.153032338710037266e+02 9.659186277485448668e-01
3.182729428034002126e+02 9.654915299594561962e-01
3.213120273414954227e+02 9.650567990123916084e-01
3.244148011490954104e+02 9.646157984100752758e-01
3.275731383857579999e+02 9.641702833782240800e-01
3.307766480970161638e+02 9.637223581374536607e-01
3.340130696962016259e+02 9.632743967248984518e-01
3.372687554395606639e+02 9.628289481313446752e-01
3.405290957423233067e+02 9.623886474006769776e-01
3.437788473802390854e+02 9.619561391216302493e-01
3.470024797055398267e+02 9.615339990068911824e-01
3.501847308082820973e+02 9.611246315049458699e-01
3.533114690222656122e+02 9.607301376331838227e-01
3.563707243265830584e+02 9.603521783080490870e-01
3.593535654842064559e+02 9.599918785550380917e-01
3.622545174027123380e+02 9.596498077614301625e-01
3.650714229015002843e+02 9.593260383210840958e-01
3.678048808695646699e+02 9.590202554959617043e-01
3.704574958908350482e+02 9.587318821678372238e-01
3.730331451036382759e+02 9.584601907442402702e-01
3.755363792884853638e+02 9.582043890028622002e-01
3.779719924352720000e+02 9.579636783296308078e-01
3.803447436256415699e+02 9.577372889956967672e-01
3.826591952215499646e+02 9.575244988952904546e-01
3.849196304905723878e+02 9.573246415353056094e-01
3.871300211147322443e+02 9.571371076034782543e-01
3.892940238644229112e+02 9.569613430007705146e-01
3.914149931243439937e+02 9.567968451174628797e-01
3.934960012168047570e+02 9.566431583891513712e-01
3.955398618666136485e+02 9.564998697068680666e-01
3.975491542047722078e+02 9.563666039841708377e-01
3.995262459252061262e+02 9.562430200279555814e-01
4.014733149021010377e+02 9.561288067727833351e-01
4.033923689765790641e+02 9.560236798903835043e-01
4.052852638470565125e+02 9.559273787602877714e-01
4.071537191202049257e+02 9.558396637752477609e-01
4.089993326477828646e+02 9.557603139494715849e-01
4.108235933002608249e+02 9.556891247970374925e-01
4.126278923377073511e+02 9.556259064489821542e-01
4.144135335339058770e+02 9.555704819799651917e-01
4.161817421989773607e+02 9.555226859184577926e-01
4.179336732368041112e+02 9.554823629171371735e-01
4.196704183538978441e+02 9.554493665633116972e-01
4.213930125291073523e+02 9.554235583115001651e-01
4.231024398360242458e+02 9.554048065228498698e-01
4.247996387033056180e+02 9.553929855981423414e-01
4.264855066839817823e+02 9.553879751927357722e-01
4.281609047989937835e+02 9.553896595037005834e-01
4.298266615121245877e+02 9.553979266205704368e-01
4.314835763843639143e+02 9.554126679321869320e-01
4.331324234534155266e+02 9.554337775834935709e-01
4.347739543779182441e+02 9.554611519767083339e-01
4.364089013811029076e+02 9.554946893120688234e-01
4.380379800254873999e+02 9.555342891642275571e-01
4.396618918489338057e+02 9.555798520906908511e-01
4.412813268879235125e+02 9.556312792692523983e-01
4.428969661118830459e+02 9.556884721617623368e-01
4.445094837936962904e+02 9.557513322020125823e-01
4.461195498375465718e+02 9.558197605056141244e-01
4.477278320841791128e+02 9.558936576001917373e-01
4.493349986171388082e+02 9.559729231742580824e-01
4.509417200864891697e+02 9.560574558432562986e-01
4.525486720725652958e+02 9.561471529313784190e-01
4.541565375099741573e+02 9.562419102679385885e-01
4.557660091913936640e+02 9.563416219967202370e-01
4.573777923713928999e+02 9.564461803968695719e-01
4.589926074914090464e+02 9.565554757136103259e-01
4.606111930463638373e+02 9.566693959967456085e-01
4.622343086123545959e+02 9.567878269444963779e-01
4.638627380541481671e+02 9.569106517495593600e-01
4.654972929292189860e+02 9.570377509435068486e-01
4.671388160969360683e+02 9.571690022341621251e-01
4.687881855427825144e+02 9.573042803297132641e-01
4.704463184040027954e+02 9.574434567402525520e-01
4.721141751775151647e+02 9.575863995454786393e-01
4.737927640550508386e+02 9.577329731128396695e-01
4.754831452932071443e+02 9.578830377452428602e-01
4.771864354687162972e+02 9.580364492308304225e-01
4.789038113745289706e+02 9.581930582571114297e-01
4.806365131862837075e+02 9.583527096391252220e-01
4.823858463345445671e+02 9.585152412936316368e-01
4.841531812445408036e+02 9.586804828678071599e-01
4.859399497038415916e+02 9.588482538995971582e-01
4.877476360583727910e+02 9.590183613465157464e-01
4.895777606482793658e+02 9.591905962687052867e-01
4.914318518377602345e+02 9.593647293921344632e-01
4.933114016297051307e+02 9.595405052161506410e-01
4.952177982500251687e+02 9.597176342833274587e-01
4.971522275200820218e+02 9.598957832412979840e-01
4.991155340091848984e+02 9.600745624725635086e-01
5.011080343883876935e+02 9.602535114854057197e-01
5.031292816768743705e+02 9.604320831357013866e-01
5.051777937340237941e+02 9.606096292690924354e-01
5.072507851824425416e+02 9.607853925095856118e-01
5.093439763233238295e+02 9.609585110435217015e-01
5.114515806647283398e+02 9.611280437419055245e-01
5.135665654456061020e+02 9.612930195697266811e-01
5.156812103049231837e+02 9.614525069508405020e-01
5.177878691845844514e+02 9.616056885440710245e-01
5.198797367651114882e+02 9.617519214768776026e-01
5.219514111269764953e+02 9.618907675579917438e-01
5.239991396588111456e+02 9.620219900205525532e-01
5.260207655523012136e+02 9.621455249398749299e-01
5.280154779401975702e+02 9.622614405102177804e-01
5.299834843127380282e+02 9.623698957472036630e-01
5.319256931375382464e+02 9.624711054771191154e-01
5.338434521007327476e+02 9.625653139877374809e-01
5.357383540192861346e+02 9.626527768758689207e-01
5.376121037487761214e+02 9.627337494105318028e-01
5.394664324578134256e+02 9.628084795565962084e-01
5.413030454804844567e+02 9.628772041056801179e-01
5.431235925915473217e+02 9.629401467791989244e-01
5.449296526764831015e+02 9.629975175377568641e-01
5.467227273883897851e+02 9.630495126036353604e-01
5.485042402913663864e+02 9.630963148874903679e-01
5.502755392653908757e+02 9.631380946284348044e-01
5.520379007652283008e+02 9.631750101309284329e-01
5.537925350483492366e+02 9.632072085281817575e-01
5.555405918192833497e+02 9.632348265309279567e-01
5.572831659516872378e+02 9.632579911384937521e-01
5.590213030828978162e+02 9.632768203002638474e-01
5.607560049711522652e+02 9.632914235227953981e-01
5.624882345551810658e+02 9.633019024218452131e-01
5.642189207004640821e+02 9.633083512210023347e-01
5.659489626308701418e+02 9.633108571999274838e-01
5.676792340631794787e+02 9.633095010957424265e-01
5.694105870658936510e+02 9.633043574613097126e-01
5.711438556709324530e+02 9.632954949841062708e-01
5.728798592644658356e+02 9.632829767691126754e-01
5.746194057873145766e+02 9.632668605888272673e-01
5.763632947707495759e+02 9.632471991033335623e-01
5.781123202352646331e+02 9.632240400529208380e-01
5.798672734772427475e+02 9.631974264254904439e-01
5.816289457681310751e+02 9.631673966006634169e-01
5.833981309873126975e+02 9.631339844722787147e-01
5.851756282130776299e+02 9.630972195507273570e-01
5.869622442888048681e+02 9.630571270463628153e-01
5.887587963872402952e+02 9.630137279349372248e-01
5.905661145913953760e+02 9.629670390060102170e-01
5.923850445086809486e+02 9.629170728950087188e-01
5.942164499396042174e+02 9.628638380995269141e-01
5.960612156170606113e+02 9.628073389803788462e-01
5.979202500342308895e+02 9.627475757477650387e-01
5.997944883779111933e+02 9.626845444330350832e-01
6.016848955834302615e+02 9.626182368463610528e-01
6.035924695291299713e+02 9.625486405206977736e-01
6.055182443816706837e+02 9.624757386426665562e-01
6.074632941057419657e+02 9.623995099709117262e-01
6.094287361502123304e+02 9.623199287428996218e-01
6.114157353121743199e+02 9.622369645715547204e-01
6.134255077795762645e+02 9.621505823335755325e-01
6.154593253425119883e+02 9.620607420521366526e-01
6.175185197497324907e+02 9.619673987777338509e-01
6.196044871677358969e+02 9.618705024724797381e-01
6.217186926784485195e+02 9.617699979051029802e-01
6.238626747083219470e+02 9.616658245669342797e-01
6.260380492390902418e+02 9.615579166226854158e-01
6.282465135805236969e+02 9.614462029150324662e-01
6.304898493856939012e+02 9.613306070492044775e-01
6.327699244705943329e+02 9.612110475926545217e-01
6.350886928186295108e+02 9.610874384375928114e-01
6.374481919189247492e+02 9.609596893905154591e-01
6.398505362811523582e+02 9.608277070742451409e-01
6.422979055562423127e+02 9.606913962559513465e-01
6.447925251876109769e+02 9.605506617488206444e-01
6.473366368752158451e+02 9.604054110773169173e-01
6.499324554119179993e+02 9.602555581426823750e-01
6.525821076866174053e+02 9.601010281726156670e-01
6.552875490356856290e+02 9.599417642735742495e-01
6.580504519649431359e+02 9.597777359039362244e-01
6.608720631400543652e+02 9.596089495114045187e-01
6.637530272857123919e+02 9.594354613723813374e-01
6.666931823111544873e+02 9.592573922633671479e-01
6.696913394870052798e+02 9.590749429286219430e-01
6.727450757315267538e+02 9.588884083989036577e-01
6.758505795803820320e+02 9.586981882388396770e-01
6.790026022401374348e+02 9.585047891688848187e-01
6.821945614657753367e+02 9.583088168190158074e-01
6.854188215654228316e+02 9.581109551064067587e-01
6.886671291662894419e+02 9.579119347586295685e-01
6.919311364937341295e+02 9.577124957844691533e-01
6.952029147698473253e+02 9.575133506614741385e-01
6.984753657784303869e+02 9.573151545998179746e-01
7.017424762533129297e+02 9.571184867085300585e-01
7.049994077228238893e+02 9.569238425924305735e-01
7.082424523839441690e+02 9.567316363041525884e-01
7.114689029940734599e+02 9.565422083763205352e-01
7.146768835536358893e+02 9.563558367323771181e-01
7.178651759011921740e+02 9.561727480616010189e-01
7.210330632483675117e+02 9.559931281995850405e-01
7.241801999425382519e+02 9.558171308536689281e-01
7.273065089629194517e+02 9.556448845436825712e-01
7.304121044684642357e+02 9.554764979165242256e-01
7.334972350869084039e+02 9.553120637083800659e-01
7.365622434399272151e+02 9.551516616459924114e-01
7.396075379274127499e+02 9.549953605467605966e-01
7.426335735203296053e+02 9.548432198311864738e-01
7.456408390434426110e+02 9.546952906138027606e-01
7.486298490472585172e+02 9.545516164981130425e-01
7.516011388679286256e+02 9.544122341680493227e-01
7.545552618600379446e+02 9.542771738426344408e-01
7.574927880719679933e+02 9.541464596414122035e-01
7.604143038473647493e+02 9.540201098936826885e-01
7.633204120042390741e+02 9.538981374134818392e-01
7.662117323458001010e+02 9.537805497551083977e-01
7.690889023477789124e+02 9.536673494581173749e-01
7.719525779297954386e+02 9.535585342866954583e-01
7.748034342525827469e+02 9.534540974660367096e-01
7.776421665192729051e+02 9.533540279162927567e-01
7.804694907780673248e+02 9.532583104836261922e-01
7.832861447328454005e+02 9.531669261674250437e-01
7.860928885854098098e+02 9.530798523421047941e-01
7.888905059302484233e+02 9.529970629722595010e-01
7.916798047317536202e+02 9.529185288196198034e-01
7.944616184161293404e+02 9.528442176406148878e-01
7.972368071062597892e+02 9.527740943735069079e-01
8.000062590346617526e+02 9.527081213143364646e-01
8.027708921714850021e+02 9.526462582808946644e-01
8.055316560983901581e+02 9.525884627645236913e-01
8.082895341719929547e+02 9.525346900693578700e-01
8.110455460140543664e+02 9.524848934390773847e-01
8.138007503771666507e+02 9.524390241711027105e-01
8.165562484335542877e+02 9.523970317184522472e-01
8.193131875472270167e+02 9.523588637794191403e-01
8.220727655916879257e+02 9.523244663753311912e-01
8.248362358911851970e+02 9.522937839166865093e-01
8.276049128728199094e+02 9.522667592577215290e-01
8.303801785295949003e+02 9.522433337397575581e-01
8.331634898192040737e+02 9.522234472231827507e-01
8.359563871391884504e+02 9.522070381081348955e-01
8.387605040460375676e+02 9.521940433434389339e-01
8.415775784205100081e+02 9.521843984232826186e-01
8.444094653125087007e+02 9.521780373706668632e-01
8.472581517470746348e+02 9.521748927060816881e-01
8.501257738161186808e+02 9.521748953992872355e-01
8.530146364450492911e+02 9.521779748008579736e-01
8.559272362689899865e+02 9.521840585488063891e-01
8.588662881193272369e+02 9.521930724434888305e-01
8.618347556658995927e+02 9.522049402807314378e-01
8.648358867521624234e+02 9.522195836285767268e-01
8.678732539081895538e+02 9.522369215257374675e-01
8.709508002796044366e+02 9.522568700690825505e-01
8.740728906767755007e+02 9.522793418400864462e-01
8.772443663142739751e+02 9.523042450931014091e-01
8.804705995968938623e+02 9.523314825847982723e-01
8.837575410537110656e+02 9.523609498538698759e-01
8.871117425591297661e+02 9.523925326465219054e-01
8.905403263322452858e+02 9.524261030012766138e-01
8.940508429186139665e+02 9.524615132230024317e-01
8.976509162234011683e+02 9.524985865653636807e-01
9.013475028660087673e+02 9.525371029492890607e-01
9.051455037097322247e+02 9.525767777907584444e-01
9.090454213475301231e+02 9.526172330625917173e-01
9.130399686466367939e+02 9.526579645524794193e-01
9.171103968315770771e+02 9.526983209910930839e-01
9.212249346915440356e+02 9.527375258313024453e-01
9.253425509331805188e+02 9.527747683045392213e-01
9.294222855632389155e+02 9.528093415219224260e-01
9.334329674970089172e+02 9.528407498804767339e-01
9.373575090612092708e+02 9.528687280339638299e-01
9.411912715146989967e+02 9.528931887938718592e-01
9.449378302958391487e+02 9.529141521169451901e-01
9.486049663552923903e+02 9.529316886783208984e-01
9.522019197743609311e+02 9.529458855861906441e-01
9.557378789153467551e+02 9.529568294901048509e-01
9.592213257052262634e+02 9.529646000504605752e-01
9.626598561361256543e+02 9.529692684200502528e-01
9.660602157024762846e+02 9.529708976871547055e-01
9.694284080180219689e+02 9.529695438704752775e-01
9.727698129582690854e+02 9.529652569366467985e-01
9.760892922554872939e+02 9.529580816930377507e-01
9.793912785378579429e+02 9.529480585393574898e-01
9.826798497295153538e+02 9.529352240932555951e-01
9.859587917504069310e+02 9.529196117073016614e-01
9.892316520073703714e+02 9.529012518925140673e-01
9.925017855801430642e+02 9.528801726613130851e-01
9.957723955672948932e+02 9.528563998014909497e-01
9.990465687938711881e+02 9.528299570912325267e-01
1.002327307903143264e+03 9.528008664634773917e-01
1.005617560730350874e+03 9.527691481262734463e-01
1.008920247752759678e+03 9.527348206440011680e-01
1.012238288331725357e+03 9.526979009829207312e-01
1.015574626407851270e+03 9.526584045232541209e-01
1.018932256278131490e+03 9.526163450386646581e-01
1.022314249079249976e+03 9.525717346430628840e-01
1.025723780613745021e+03 9.525245837036029339e-01
1.029164161200510080e+03 9.524749007178074933e-01
1.032638868296803594e+03 9.524226921518224032e-01
1.036151582729674828e+03 9.523679622360388120e-01
1.039706229497576942e+03 9.523107127135946870e-01
1.043307024231939067e+03 9.522509425373679726e-01
1.046958526575263704e+03 9.521886475114120785e-01
1.050665701872703494e+03 9.521238198752854931e-01
1.054433992663253093e+03 9.520564478350724835e-01
1.058269401394884881e+03 9.519865150559579936e-01
1.062178585358934242e+03 9.519140001530650430e-01
1.066168963648662839e+03 9.518388762585754392e-01
1.070248833177520964e+03 9.517611108217239879e-01
1.074427484861621224e+03 9.516806659445524730e-01
1.078715298854071534e+03 9.515974998306410138e-01
1.083123773193097804e+03 9.515115704338906744e-01
1.087665392190909870e+03 9.514228433286840980e-01
1.092353150246595078e+03 9.513313074740143982e-01
1.097199387931545289e+03 9.512370052139950127e-01
1.102213363599098784e+03 9.511400862546111057e-01
1.107396798188811545e+03 9.510408964154475342e-01
1.112737033563520299e+03 9.509400999087083139e-01
1.118199621990355581e+03 9.508387887469151867e-01
1.123726414767727874e+03 9.507384591800369655e-01
1.129246262168286876e+03 9.506407426283146611e-01
1.134695381197657525e+03 9.505469920172723297e-01
1.140032819592076066e+03 9.504580172460943555e-01
1.145242239446219855e+03 9.503741045706554091e-01
1.150324863492309987e+03 9.502951921832737403e-01
1.155291310444589499e+03 9.502210457002755462e-01
1.160155727529539263e+03 9.501513748573678919e-01
1.164932508818537826e+03 9.500858940671889075e-01
1.169634880907696015e+03 9.500243459926668299e-01
1.174274535851937799e+03 9.499665060231120561e-01
1.178861725608108600e+03 9.499121791263759329e-01
1.183405501083744412e+03 9.498611947626974805e-01
1.187913958067656949e+03 9.498134020878469252e-01
1.192394446568413969e+03 9.497686660259028191e-01
1.196853740281207592e+03 9.497268641718710214e-01
1.201298174719604049e+03 9.496878843399453318e-01
1.205733763200480098e+03 9.496516225904535480e-01
1.210166297714527900e+03 9.496179816148331287e-01
1.214601439716657524e+03 9.495868693947312478e-01
1.219044804632746946e+03 9.495581980741579775e-01
1.223502043275947472e+03 9.495318829973399266e-01
1.227978923172281384e+03 9.495078418735406478e-01
1.232481412832168417e+03 9.494859940361118911e-01
1.237015772222874148e+03 9.494662597673111382e-01
1.241588653112414249e+03 9.494485596630468649e-01
1.246207213609075325e+03 9.494328140127183957e-01
1.250879252137394360e+03 9.494189421685170771e-01
1.255613367360250550e+03 9.494068618754067934e-01
1.260419152204586226e+03 9.493964885270517184e-01
1.265307432119881014e+03 9.493877343023500170e-01
1.270290559720231840e+03 9.493805071206274926e-01
1.275382779124144463e+03 9.493747093261669656e-01
1.280600670885559794e+03 9.493702359690282533e-01
1.285963675431135925e+03 9.493669724780894326e-01
1.291494650988797957e+03 9.493647914073300997e-01
1.297220304083748033e+03 9.493635477563107106e-01
1.303171019103792787e+03 9.493630721141547157e-01
1.309378835944299908e+03 9.493631606651841137e-01
1.315870601659910562e+03 9.493635615654537618e-01
1.322650707577862931e+03 9.493639607363465460e-01
1.329669517392804437e+03 9.493639818649264317e-01
1.336797047890488329e+03 9.493632315262401367e-01
1.343856656965624552e+03 9.493613932874855887e-01
1.350714519296271646e+03 9.493582891972777160e-01
1.357322705039874791e+03 9.493538511837005256e-01
1.363693287684221559e+03 9.493480618921011915e-01
1.369862934458726158e+03 9.493409177461394899e-01
1.375872950742925013e+03 9.493324147685562320e-01
1.381760471206158627e+03 9.493225470652065789e-01
1.387556056577417166e+03 9.493113093205117758e-01
1.393284409588662811e+03 9.492986986138307604e-01
1.398965888729227345e+03 9.492847149250472905e-01
1.404617886257519103e+03 9.492693608634330538e-01
1.410255861822189217e+03 9.492526411281815291e-01
1.415894062016348926e+03 9.492345620152156105e-01
1.421546031686018296e+03 9.492151310461030000e-01
1.427225012385901437e+03 9.491943566747014227e-01
1.432944290168478119e+03 9.491722480106639104e-01
1.438717531944823349e+03 9.491488145104407526e-01
1.444559138176434772e+03 9.491240656006711962e-01
1.450484636598817588e+03 9.490980102062309687e-01
1.456511144609243274e+03 9.490706561550616982e-01
1.462657934887247166e+03 9.490420094298746001e-01
1.468947148983868146e+03 9.490120732427627104e-01
1.475404715497839561e+03 9.489808469422422732e-01
1.482061537094341929e+03 9.489483248756459544e-01
1.488954991636695468e+03 9.489144956632554750e-01
1.496130671752363469e+03 9.488793432893057878e-01
1.503643818774240117e+03 9.488428540999577221e-01
1.511558319898263562e+03 9.488050413265536331e-01
1.519936288929433431e+03 9.487660183768337196e-01
1.528799914798203872e+03 9.487261881538349151e-01
1.538043849095902488e+03 9.486865818341213563e-01
1.547370299340657311e+03 9.486489350573441559e-01
1.556444952757738065e+03 9.486147887205277351e-01
1.565117295950754851e+03 9.485846312432026917e-01
1.573401465402316944e+03 9.485582075803101754e-01
1.581370234495708019e+03 9.485350648937234119e-01
1.589104237037560779e+03 9.485147768906870835e-01
1.596674314791272991e+03 9.484970021659753225e-01
1.604136475344427708e+03 9.484814845305775677e-01
1.611534393938548646e+03 9.484680305451049787e-01
1.618903644723571688e+03 9.484564877593116838e-01
1.626275137025399999e+03 9.484467300010469559e-01
1.633677622105895125e+03 9.484386483148283808e-01
1.641139479797726381e+03 9.484321455949601409e-01
1.648690110936791598e+03 9.484271333208715848e-01
1.656361259929854668e+03 9.484235294026323038e-01
1.664188510547570104e+03 9.484212566591162519e-01
1.672213176411249378e+03 9.484202417056875056e-01
1.680484847653756333e+03 9.484204141259788834e-01
1.689064930885003832e+03 9.484217057978542309e-01
1.698031546914721503e+03 9.484240500826685016e-01
1.707485703028875150e+03 9.484273799593183618e-01
1.717555754244014679e+03 9.484316218739321513e-01
1.728383278290977159e+03 9.484366737329574804e-01
1.740023173869397169e+03 9.484423320427998183e-01
1.752156887376656186e+03 9.484481448593490294e-01
1.764049968152770134e+03 9.484534829086754826e-01
1.775263663777315514e+03 9.484580009748169172e-01
1.785831481690899409e+03 9.484616859165000413e-01
1.795918563228430003e+03 9.484646243447326652e-01
1.805684726684024781e+03 9.484669102513545447e-01
1.815266847816296149e+03 9.484686282564662729e-01
1.824770208956400438e+03 9.484698524738766068e-01
1.834275554399440580e+03 9.484706534371464270e-01
1.843851098989463708e+03 9.484711049831663354e-01
1.853561300204636609e+03 9.484712892519359118e-01
1.863473771914415693e+03 9.484713011711348729e-01
1.873665652461238324e+03 9.484712537786664788e-01
1.884230772371141029e+03 9.484712859207542479e-01
1.895289597496474698e+03 9.484715745657756880e-01
1.907004080589211071e+03 9.484723557167774599e-01
1.919597568869619863e+03 9.484739610167234325e-01
1.933359537839026189e+03 9.484768760035297008e-01
1.948485289597895189e+03 9.484817596710389820e-01
1.964342776132385779e+03 9.484890284984629494e-01
1.979485639310869146e+03 9.484981947973298855e-01
1.993483047807562116e+03 9.485086830581654915e-01
2.006643292637074865e+03 9.485203270793606256e-01
2.019279000251289972e+03 9.485331054165341280e-01
2.031650958085792126e+03 9.485470740365480324e-01
2.043978524442556818e+03 9.485623400903578917e-01
2.056433721651300402e+03 9.485790206456294893e-01
2.069169452527248723e+03 9.485972505946009825e-01
2.082348525340656579e+03 9.486172090406501667e-01
2.096171025072758312e+03 9.486391561458117350e-01
2.110912134457161756e+03 9.486634949516261628e-01
2.126979120853389304e+03 9.486908717449136219e-01
2.144955655475608637e+03 9.487222576966222176e-01
2.165130138797843756e+03 9.487581053228543171e-01
2.185440084245002708e+03 9.487946050506805840e-01
2.203915972499498821e+03 9.488280354908354974e-01
2.220971207321956626e+03 9.488590434175588895e-01
2.237278627233852603e+03 9.488888373338305593e-01
2.253292386131970488e+03 9.489182832566426251e-01
2.269442522447942792e+03 9.489482468522201231e-01
2.286116579899269709e+03 9.489795651160061185e-01
2.303717118201604990e+03 9.490131694471095614e-01
2.322787429239028370e+03 9.490503606186180274e-01
2.344187008583222450e+03 9.490932338834515702e-01
2.369122479969958476e+03 9.491448993743385465e-01
2.396011273998832621e+03 9.492027952537579472e-01
2.420228078069257663e+03 9.492568810296845294e-01
2.442221774375725090e+03 9.493075306246471223e-01
2.463365974594383260e+03 9.493574866403607926e-01
2.484441101219702887e+03 9.494083723594815005e-01
2.506305950741607376e+03 9.494621513694699866e-01
2.529978772776362348e+03 9.495213097418547799e-01
2.556954673259446281e+03 9.495896579184830433e-01
2.589628146292412112e+03 9.496734718046897505e-01
2.619753588787334138e+03 9.497515703161381051e-01
2.649565735361758470e+03 9.498295521080940551e-01
2.677802365111906056e+03 9.499040546023425069e-01
2.705543853238315933e+03 9.499779086551730645e-01
2.734695776330886929e+03 9.500562961040099896e-01
2.767466002609298812e+03 9.501454515365829190e-01
2.808119646450791151e+03 9.502576415177814706e-01
2.847398576048095947e+03 9.503676532170100000e-01
2.886133709461223589e+03 9.504775457788937620e-01
2.923320087295496251e+03 9.505841594088038082e-01
2.961587613962164141e+03 9.506947893387200921e-01
3.005422427777187295e+03 9.508223930641435118e-01
3.063583861024031648e+03 9.509928090145122193e-01
3.114120793535518260e+03 9.511417588402010237e-01
3.163765134737090193e+03 9.512888030501014391e-01
3.216545296014000087e+03 9.514458837236793309e-01
3.280790054041983240e+03 9.516380143376707013e-01
3.354243447049012502e+03 9.518586418785085490e-01
3.425843208607609540e+03 9.520743104575870586e-01
3.500987682378807676e+03 9.523009045592264465e-01
3.602901987507113517e+03 9.526080630492888002e-01
3.716359812087221599e+03 9.529492663336750491e-01
3.827677733649877155e+03 9.532828021513923833e-01
3.986844829944374851e+03 9.537565846030146011e-01
4.171406488285428168e+03 9.543000478018346389e-01
4.391586049215517050e+03 9.549385530676636202e-01
4.667526960306528963e+03 9.557218783572714038e-01
4.976702385589123878e+03 9.565758269797177693e-01
5.356719069246255458e+03 9.575901717034966953e-01
5.785531229266824084e+03 9.586884465951174272e-01
6.239110603113020261e+03 9.597984979915018533e-01
6.718108344746190596e+03 9.609159501140921433e-01
7.218205851765567786e+03 9.620261211644738353e-01
7.731904708154565014e+03 9.631103126035266415e-01
8.256569940791050612e+03 9.641628948292021439e-01
8.792898545525711597e+03 9.651856525959610078e-01
9.341727509861982981e+03 9.661804324294733792e-01
9.903241972599804285e+03 9.671477581130215606e-01
1.047749933487882117e+04 9.680879603074320494e-01
1.106474399207048555e+04 9.690017014651532978e-01
1.166532034595312143e+04 9.698897734663985970e-01
1.227955895748624243e+04 9.707529070813383232e-01
1.290776907087419931e+04 9.715917714886231904e-01
1.355026581648927277e+04 9.724070183000652623e-01
1.420737874390907018e+04 9.731992921014559483e-01
1.487944697961233760e+04 9.739692230081236080e-01
1.556681604761672861e+04 9.747174229503683396e-01
1.626983853910976177e+04 9.754444869678412511e-01
1.698887525039735920e+04 9.761509947329752857e-01
1.772429542115666845e+04 9.768375109368601095e-01
1.847647662497929196e+04 9.775045853537553953e-01
1.924580480460390027e+04 9.781527530969752471e-01
2.003267443553192425e+04 9.787825349987905321e-01
2.083748869141767500e+04 9.793944379803875000e-01
2.166065958514110389e+04 9.799889553938794240e-01
2.250260811351813027e+04 9.805665673618408906e-01
2.336376441887153487e+04 9.811277411217383948e-01
2.424456796546079931e+04 9.816729313702025062e-01
2.514546772621717537e+04 9.822025806018707117e-01
2.606692238154181541e+04 9.827171194425723399e-01
2.700940053039064514e+04 9.832169669757594432e-01
2.797338091331113174e+04 9.837025310609803785e-01
2.895935264884463322e+04 9.841742086445175453e-01
2.995935264884463322e+04 9.846286382677276183e-01
3.095935264884463322e+04 9.850606340203763578e-01
3.195935264884463322e+04 9.854717459046375971e-01
3.295935264884463686e+04 9.858633875504155819e-01
3.395935264884463686e+04 9.862368506375710497e-01
3.495935264884463686e+04 9.865933175937946498e-01
3.595935264884463686e+04 9.869338727600301953e-01
3.695935264884463686e+04 9.872595122219256503e-01
3.795935264884463686e+04 9.875711524888650672e-01
3.895935264884463686e+04 9.878696381764540124e-01
3.995935264884463686e+04 9.881557488237684428e-01
4.095935264884463686e+04 9.884302049565293347e-01
4.195935264884463686e+04 9.886936734911262459e-01
4.295935264884463686e+04 9.889467725610251447e-01
4.395935264884463686e+04 9.891900758358030954e-01
4.495935264884463686e+04 9.894241163935525440e-01
4.595935264884463686e+04 9.896493901992488018e-01
4.695935264884463686e+04 9.898663592347903828e-01
4.795935264884463686e+04 9.900754543204307589e-01
4.895935264884463686e+04 9.902770776623173177e-01
4.995935264884463686e+04 9.904716051564473878e-01
5.095935264884463686e+04 9.906593884755995338e-01
5.195935264884463686e+04 9.908407569625632405e-01
5.295935264884463686e+04 9.910160193502057790e-01
5.395935264884463686e+04 9.911854653264005055e-01
5.495935264884463686e+04 9.913493669598507640e-01
5.595935264884463686e+04 9.915079800008873567e-01
5.695935264884463686e+04 9.916615450697749967e-01
5.795935264884463686e+04 9.918102887436399673e-01
5.895935264884463686e+04 9.919544245518939762e-01
5.995935264884463686e+04 9.920941538889737066e-01
6.095935264884463686e+04 9.922296668522149199e-01
6.195935264884463686e+04 9.923611430119209098e-01
6.295935264884463686e+04 9.924887521198584306e-01
6.395935264884463686e+04 9.926126547618425722e-01
6.495935264884463686e+04 9.927330029594492178e-01
6.595935264884463686e+04 9.928499407253684739e-01
6.695935264884463686e+04 9.929636045765170005e-01
6.795935264884463686e+04 9.930741240085769750e-01
6.895935264884463686e+04 9.931816219352607167e-01
6.995935264884463686e+04 9.932862150953296609e-01
7.095935264884463686e+04 9.933880144300563098e-01
7.195935264884463686e+04 9.934871254336004043e-01
7.295935264884463686e+04 9.935836484785112166e-01
7.395935264884463686e+04 9.936776791184092072e-01
7.495935264884463686e+04 9.937693083696116370e-01
7.595935264884463686e+04 9.938586229734754918e-01
7.695935264884463686e+04 9.939457056408822488e-01
7.795935264884463686e+04 9.940306352803117695e-01
7.895935264884463686e+04 9.941134872107467713e-01
7.995935264884463686e+04 9.941943333605599564e-01
8.095935264884463686e+04 9.942732424534649338e-01
8.195935264884463686e+04 9.943502801824614101e-01
8.295935264884463686e+04 9.944255093726864780e-01
8.395935264884463686e+04 9.944989901339970073e-01
8.495935264884463686e+04 9.945707800039610413e-01
8.595935264884463686e+04 9.946409340820535627e-01
8.695935264884463686e+04 9.947095051555616685e-01
8.795935264884463686e+04 9.947765438178873820e-01
8.895935264884463686e+04 9.948420985797032934e-01
8.995935264884463686e+04 9.949062159734881616e-01
9.095935264884463686e+04 9.949689406519051094e-01
9.195935264884463686e+04 9.950303154803973316e-01
9.295935264884463686e+04 9.950903816244425215e-01
9.395935264884463686e+04 9.951491786317758770e-01
9.495935264884463686e+04 9.952067445099438414e-01
9.595935264884463686e+04 9.952631157994727973e-01
9.695935264884463686e+04 9.953183276429633519e-01
9.795935264884463686e+04 9.953724138503260432e-01
9.895935264884463686e+04 9.954254069604603350e-01
9.947967632442232571e+04 9.954525586045641639e-01
1.000000000000000000e+05 9.954794270955565905e-01
