# t  Nu
0.000000000000000000e+00 1.000000000000000222e+00
1.000000000000000167e-06 1.000000000000000888e+00
2.000000000000000333e-06 1.000000000000000888e+00
3.000000000000000076e-06 9.999999999999971134e-01
3.999999999999999819e-06 9.999999999999813483e-01
6.000000000000000152e-06 9.999999999999162892e-01
9.999999999999999124e-06 9.999999999996207478e-01
1.799999999999999707e-05 9.999999999983624210e-01
3.399999999999999973e-05 9.999999999932118744e-01
6.600000000000000506e-05 9.999999999723829802e-01
1.300000000000000157e-04 9.999999998886524022e-01
2.579999999999999828e-04 9.999999995529168517e-01
5.139999999999999170e-04 9.999999982083978001e-01
1.026000000000000002e-03 9.999999928272799155e-01
2.049999999999999739e-03 9.999999712973699495e-01
4.097999999999999213e-03 9.999998851721271231e-01
8.193999999999999895e-03 9.999995407020287885e-01
1.638599999999999779e-02 9.999981632203533977e-01
3.276999999999999358e-02 9.999926567993545623e-01
6.553799999999998516e-02 9.999706599904540916e-01
1.310739999999999683e-01 9.998829085517878523e-01
2.621459999999999901e-01 9.995338480459602382e-01
4.702088806736735016e-01 9.985118368911162223e-01
6.742662375547912035e-01 9.969635880807885542e-01
8.690130241404915301e-01 9.949950749341571754e-01
1.061484194568572015e+00 9.925922282502188665e-01
1.250084593297765556e+00 9.898104834775492966e-01
1.435517068577543354e+00 9.866769813170203074e-01
1.618119362695650043e+00 9.832189050082531523e-01
1.796972039256896636e+00 9.794869991088261951e-01
1.970926706328080869e+00 9.755427035905200883e-01
2.138664597664629241e+00 9.714574243169550316e-01
2.298672332909756033e+00 9.673130502724930357e-01
2.449268686716929100e+00 9.632009249530295580e-01
2.588533856263518729e+00 9.592231203550317664e-01
2.697521504001312742e+00 9.561605922313309858e-01
2.790052677393611180e+00 9.535945694389996730e-01
2.859506269456717042e+00 9.516887271532430415e-01
2.934812769589951298e+00 9.496415389757634218e-01
3.011074352836967893e+00 9.475885000943349290e-01
3.108397617431143622e+00 9.449973513778197054e-01
3.228461401183914337e+00 9.418445034143936301e-01
3.366386714356213616e+00 9.382808488649455603e-01
3.519651440345327842e+00 9.343919284819780513e-01
3.686148138018069620e+00 9.302495262361184514e-01
3.864116396162597056e+00 9.259134252316747471e-01
4.052277967797105696e+00 9.214285693505298580e-01
4.249468142030350393e+00 9.168345255367607027e-01
4.454544881063774220e+00 9.121676697039226012e-01
4.666406546090847485e+00 9.074607847567626173e-01
4.883991954862683116e+00 9.027431623167502250e-01
5.106286875140622072e+00 8.980406211919662596e-01
5.332324313620525835e+00 8.933757080883245605e-01
5.561172816744009317e+00 8.887681592934123520e-01
5.791918816999170438e+00 8.842354547754092131e-01
6.023646125097553927e+00 8.797933818849391630e-01
6.255414428616610678e+00 8.754565653957446791e-01
6.486238319391199880e+00 8.712389368612454277e-01
6.715067573974978110e+00 8.671541376971863002e-01
6.940768968820461460e+00 8.632158614483536052e-01
7.162109581581463935e+00 8.594381475626166056e-01
7.377740955896162411e+00 8.558356484801206143e-01
7.586182432308381962e+00 8.524239077411615018e-01
7.785799927371069629e+00 8.492197153799321274e-01
7.974772650809325292e+00 8.462416596833302052e-01
8.151032756017317027e+00 8.435110992886007963e-01
8.293943333066881252e+00 8.413298001218565414e-01
8.418546762884000501e+00 8.394512754162322121e-01
8.519288618019400516e+00 8.379481168194362617e-01
8.610700503601085742e+00 8.365960833221312010e-01
8.695958050510709469e+00 8.353451606481538949e-01
8.806846961733265644e+00 8.337325333143551509e-01
8.945755531097724145e+00 8.317349906534299286e-01
9.107694526211583153e+00 8.294373668153269819e-01
9.289543604331276683e+00 8.268963187184855679e-01
9.488318235411146162e+00 8.241649239500448143e-01
9.701813305800397913e+00 8.212835856212723495e-01
9.928502106152759410e+00 8.182819077669868379e-01
1.016696595163737094e+01 8.151866598851200685e-01
1.041576410501063066e+01 8.120234137296084009e-01
1.067341826097609214e+01 8.088166152530222863e-01
1.093840949277660712e+01 8.055895245381505809e-01
1.120920610501458015e+01 8.023638257442943233e-01
1.148428913402700857e+01 7.991593428533239063e-01
1.176216505664700840e+01 7.959939673375835412e-01
1.204136887378070853e+01 7.928837318844047521e-01
1.232045852987661583e+01 7.898429960443136277e-01
1.259800248105974418e+01 7.868847050474614413e-01
1.287256250618876763e+01 7.840206864259942066e-01
1.314267304481520782e+01 7.812619637946699447e-01
1.340681766354074433e+01 7.786190784726247927e-01
1.366340242138061534e+01 7.761024207343809600e-01
1.391072462611978722e+01 7.737225862656500475e-01
1.414693330933541837e+01 7.714907937275322647e-01
1.436997359676058039e+01 7.694194358538576362e-01
1.457749840256940210e+01 7.675229117343127516e-01
1.474482634370873413e+01 7.660149123546755590e-01
1.489027601870887985e+01 7.647191903037863225e-01
1.500716866997171550e+01 7.636879102302727151e-01
1.512874916231404043e+01 7.626246529462803458e-01
1.525474245795369477e+01 7.615327816781751746e-01
1.540905290932005478e+01 7.602091730304487704e-01
1.559314224287261652e+01 7.586495314545355084e-01
1.580130760878332730e+01 7.569109216280541785e-01
1.603032733762036699e+01 7.550282375324726125e-01
1.627737940645587500e+01 7.530319718159645959e-01
1.654005073284407601e+01 7.509481093227349247e-01
1.681636714137961874e+01 7.487979878860906435e-01
1.710432933373646947e+01 7.466020030022280096e-01
1.740181022945026967e+01 7.443802622366496591e-01
1.770659943223921928e+01 7.421521128738198803e-01
1.801645797695816142e+01 7.399356719302900842e-01
1.832919187152419127e+01 7.377473091934725336e-01
1.864271143774232797e+01 7.356013210697237570e-01
1.895505941526142024e+01 7.335098834586374350e-01
1.926441057241525812e+01 7.314832235806083549e-01
1.956904824409918575e+01 7.295299403453617826e-01
1.986732474632927037e+01 7.276574041052178421e-01
2.015761188037582130e+01 7.258721832201642243e-01
2.043824480230050256e+01 7.241804725938767451e-01
2.070745933091840740e+01 7.225885242867216007e-01
2.096331918720410314e+01 7.211031036681869733e-01
2.120362420130632941e+01 7.197320256753334533e-01
2.142577912352631131e+01 7.184848872944696874e-01
2.160093628521469356e+01 7.175152018198335258e-01
2.175057120878203065e+01 7.166962052539883610e-01
2.190262543203657941e+01 7.158727428422456684e-01
2.205527961369933720e+01 7.150548426900479315e-01
2.223662552837616957e+01 7.140945704474833677e-01
2.244806741636210390e+01 7.129903222472424584e-01
2.268321988462339789e+01 7.117814533640017816e-01
2.293784178721919886e+01 7.104949775509702414e-01
2.320720610637897252e+01 7.091590704458532457e-01
2.348638296293458794e+01 7.078012481190483207e-01
2.377043197717173229e+01 7.064472179801505325e-01
2.405423434472487543e+01 7.051216001042599490e-01
2.433283823701811599e+01 7.038463173064928302e-01
2.460180900718596675e+01 7.026392350685156662e-01
2.485731192101475173e+01 7.015141989586424209e-01
2.509596359880237060e+01 7.004821098732444407e-01
2.529080278753742661e+01 6.996527546298538791e-01
2.546231699477220900e+01 6.989324415407885960e-01
2.563498504718256754e+01 6.982164209359995599e-01
2.579929342867002262e+01 6.975435032598313878e-01
2.599036741007072138e+01 6.967712189813637380e-01
2.621137800306405552e+01 6.958915470392625924e-01
2.645690211374733281e+01 6.949312302577272948e-01
2.672460957909986234e+01 6.939041958233136409e-01
2.701201398834691858e+01 6.928245631779279545e-01
2.731726926921478338e+01 6.917035474435755393e-01
2.763939853224102094e+01 6.905488166860135335e-01
2.797768010728075794e+01 6.893669321980703257e-01
2.833150532307489655e+01 6.881639046276751825e-01
2.870035325084603173e+01 6.869453010869015497e-01
2.908374935153175755e+01 6.857163954449908561e-01
2.948125733917899893e+01 6.844821975347468168e-01
2.989247552225134541e+01 6.832474677246057615e-01
3.031702717613150710e+01 6.820167491248194658e-01
3.075455044614173872e+01 6.807943974351844396e-01
3.120468821382331370e+01 6.795846063779734658e-01
3.166707808806829050e+01 6.783914278250964269e-01
3.214134312702223895e+01 6.772187849037695218e-01
3.262708338788886664e+01 6.760704781697757237e-01
3.312386837988958632e+01 6.749501851696644295e-01
3.363123063625511122e+01 6.738614535701457076e-01
3.414866070221930983e+01 6.728076881326964243e-01
3.467560390535559378e+01 6.717921319989738071e-01
3.521145929155939314e+01 6.708178430827022032e-01
3.575558106716857765e+01 6.698876667851778599e-01
3.630728275433771302e+01 6.690042067403164650e-01
3.686584407681383624e+01 6.681697956998684518e-01
3.743052034662837002e+01 6.673864689300382791e-01
3.800055386129976398e+01 6.666559425029869868e-01
3.857518659374184722e+01 6.659795985776751914e-01
3.915367330658522604e+01 6.653584791881762550e-01
3.973529418399323276e+01 6.647932892662197224e-01
4.031936615431931870e+01 6.642844087487735916e-01
4.090525225952281829e+01 6.638319128056219265e-01
4.149236867313944543e+01 6.634355985929942801e-01
4.208018923048354765e+01 6.630950165730926660e-01
4.266824756911633187e+01 6.628095043498990480e-01
4.325613715543175175e+01 6.625782211189797932e-01
4.384350958096131023e+01 6.624001811408821716e-01
4.443007155453470602e+01 6.622742850414855553e-01
4.501558100502040816e+01 6.621993481478707366e-01
4.559984266243463225e+01 6.621741254329721604e-01
4.618270342022095321e+01 6.621973329385051343e-01
4.676404771024709106e+01 6.622676657645027998e-01
4.734379305621702372e+01 6.623838128593448893e-01
4.792188591334024750e+01 6.625444689282623534e-01
4.849829785672985594e+01 6.627483438151305917e-01
4.907302214574026777e+01 6.629941697158003855e-01
4.964607066730594909e+01 6.632807065632773114e-01
5.021747124404744511e+01 6.636067458943057940e-01
5.078726528309407229e+01 6.639711134707404483e-01
5.135550573576798428e+01 6.643726708913372248e-01
5.192225533591939524e+01 6.648103163933515303e-01
5.248758508469624928e+01 6.652829850101386056e-01
5.305157295066666023e+01 6.657896482213256917e-01
5.361430275635876086e+01 6.663293132066193669e-01
5.417586322492351059e+01 6.669010217925852579e-01
5.473634716293103963e+01 6.675038491632103721e-01
5.529585075807669625e+01 6.681369023899097481e-01
5.585447297288335733e+01 6.687993188239979014e-01
5.641231501775285295e+01 6.694902643843806400e-01
5.696947988824290121e+01 6.702089317642651034e-01
5.752607195371168558e+01 6.709545385744677404e-01
5.808219658545269226e+01 6.717263254347669577e-01
5.863795981367337617e+01 6.725235540201670581e-01
5.919346800388418472e+01 6.733455050655384744e-01
5.974882754370471361e+01 6.741914763286064316e-01
6.030414453234823924e+01 6.750607805097702530e-01
6.085952446469757149e+01 6.759527431240687223e-01
6.141507190319460818e+01 6.768667003206163546e-01
6.197089013077142283e+01 6.778019966434025712e-01
6.252708077772454942e+01 6.787579827258287679e-01
6.308374341697141574e+01 6.797340129133722098e-01
6.364097512193625761e+01 6.807294428085489679e-01
6.419886998112959020e+01 6.817436267324087362e-01
6.475751856515623217e+01 6.827759151005887706e-01
6.531700734238862083e+01 6.838256517143231905e-01
6.587741803961669973e+01 6.848921709686952575e-01
6.643882694730335459e+01 6.859747949888670426e-01
6.700130416871967043e+01 6.870728307071171104e-01
6.756491281672566629e+01 6.881855669051931690e-01
6.812970816274312824e+01 6.893122712514554440e-01
6.869573674778384031e+01 6.904521873763803663e-01
6.926303546838916247e+01 6.916045320396378981e-01
6.983163065521011958e+01 6.927684924552428569e-01
7.040153716698888786e+01 6.939432238544845921e-01
7.097275752853164477e+01 6.951278473804517466e-01
7.154528114555000684e+01 6.963214484177712160e-01
7.211908363497906294e+01 6.975230754722812065e-01
7.269412631264864899e+01 6.987317397193855140e-01
7.327035588221018259e+01 6.999464153386704135e-01
7.384770436978368480e+01 7.011660407454535227e-01
7.442608934454754888e+01 7.023895208099553145e-01
7.500541445973614429e+01 7.036157301288993304e-01
7.558557033718246032e+01 7.048435173744527216e-01
7.616643580594775642e+01 7.060717107014008453e-01
7.674787948797140302e+01 7.072991241386955563e-01
7.732976170464729648e+01 7.085245648348944547e-01
7.791193665961968406e+01 7.097468409741767292e-01
7.849425483459150144e+01 7.109647701312959978e-01
7.907656551994570293e+01 7.121771877985063615e-01
7.965871939227947962e+01 7.133829557996257398e-01
8.024057104679498309e+01 7.145809703065418850e-01
8.082198139583617547e+01 7.157701691951023903e-01
8.140281984873291776e+01 7.169495385049126090e-01
8.198296621877891255e+01 7.181181178528340814e-01
8.256231229089910073e+01 7.192750046486788840e-01
8.314076303655564004e+01 7.204193570926038515e-01
8.371823746180662340e+01 7.215503959523049682e-01
8.429466909594141555e+01 7.226674051784405250e-01
8.487000615039937657e+01 7.237697314732917109e-01
8.544421138033295904e+01 7.248567829403967933e-01
8.601726169402135724e+01 7.259280269712483635e-01
8.658914755763093751e+01 7.269829875285648280e-01
8.715987224286362789e+01 7.280212419816239899e-01
8.772945096303672585e+01 7.290424176388381472e-01
8.829790993885235650e+01 7.300461881067419334e-01
8.886528542978304301e+01 7.310322695858924025e-01
8.943162276114331632e+01 7.320004171945853066e-01
8.999697537111049428e+01 7.329504213922720668e-01
9.056140389634930443e+01 7.338821045567065493e-01
9.112497530959448966e+01 7.347953177525810009e-01
9.168776211836855339e+01 7.356899377163108600e-01
9.224984163002221749e+01 7.365658640698665716e-01
9.281129528537981344e+01 7.374230167678085257e-01
9.337220806076445001e+01 7.382613337745557169e-01
9.393266793647239865e+01 7.390807689639550260e-01
9.449276542826484615e+01 7.398812902293371296e-01
9.505259317794059370e+01 7.406628777905275296e-01
9.561224559820472280e+01 7.414255226824979506e-01
9.617181856730273637e+01 7.421692254105619613e-01
9.673140916867437511e+01 7.428939947567901880e-01
9.729111547134860416e+01 7.435998467232411979e-01
9.785103634705033926e+01 7.442868035982772579e-01
9.841127132050611692e+01 7.449548931333168644e-01
9.897192044966206481e+01 7.456041478181384408e-01
9.953308423306938835e+01 7.462346042439379490e-01
1.000948635418641572e+02 7.468463025440179592e-01
1.006573595738876179e+02 7.474392859026129932e-01
1.012206738277344158e+02 7.480136001231419973e-01
1.017849080943146163e+02 7.485692932474945493e-01
1.023501644636729964e+02 7.491064152187527636e-01
1.029165453445277763e+02 7.496250175801185689e-01
1.034841534938544640e+02 7.501251532034040048e-01
1.040530920541795012e+02 7.506068760415333108e-01
1.046234645957191844e+02 7.510702408997586010e-01
1.051953751610844847e+02 7.515153032215848850e-01
1.057689283101446023e+02 7.519421188860164751e-01
1.063442291633873538e+02 7.523507440139119984e-01
1.069213834421287146e+02 7.527412347817762361e-01
1.075004975048893385e+02 7.531136472423681782e-01
1.080816783794614935e+02 7.534680371518477360e-01
1.086650337911900124e+02 7.538044598038491362e-01
1.092506721882299701e+02 7.541229698708783458e-01
1.098387027655502521e+02 7.544236212537298591e-01
1.104292354892808135e+02 7.547064669390440850e-01
1.110223811241402387e+02 7.549715588652637921e-01
1.116182512659971309e+02 7.552189477962640840e-01
1.122169583823069274e+02 7.554486832017222042e-01
1.128186158624887128e+02 7.556608131424586983e-01
1.134233380805364817e+02 7.558553841586087563e-01
1.140312404708270719e+02 7.560324411576999637e-01
1.146424396184412018e+02 7.561920272996865977e-01
1.152570533636017558e+02 7.563341838754943369e-01
1.158752009199751853e+02 7.564589501758950396e-01
1.164970030048109351e+02 7.565663633475194771e-01
1.171225819790768554e+02 7.566564582334499578e-01
1.177520619942274180e+02 7.567292671962838613e-01
1.183855691422759264e+02 7.567848199224330719e-01
1.190232316048421239e+02 7.568231432072146658e-01
1.196651797970228017e+02 7.568442607212816364e-01
1.203115465016487065e+02 7.568481927598458281e-01
1.209624669894355691e+02 7.568349559770298773e-01
1.216180791212013759e+02 7.568045631084661107e-01
1.222785234283266504e+02 7.567570226859007265e-01
1.229439431687652018e+02 7.566923387479586038e-01
1.236144843559638389e+02 7.566105105515681384e-01
1.242902957595149331e+02 7.565115322884509164e-01
1.249715288770680388e+02 7.563953928109616864e-01
1.256583378776129649e+02 7.562620753711525312e-01
1.263508795174798109e+02 7.561115573763541597e-01
1.270493130311389223e+02 7.559438101638361607e-01
1.277537999995958273e+02 7.557587987962700593e-01
1.284645041998033719e+02 7.555564818788360615e-01
1.291815914389993054e+02 7.553368113978802256e-01
1.299052293783484231e+02 7.550997325801162008e-01
1.306355873499766744e+02 7.548451837706774414e-01
1.313728361720389728e+02 7.545730963274708269e-01
1.321171479656107977e+02 7.542833945289703079e-01
1.328686959768408542e+02 7.539759954922647944e-01
1.336276544071791932e+02 7.536508090981379748e-01
1.343941982530701864e+02 7.533077379204200508e-01
1.351685031557697698e+02 7.529466771572743689e-01
1.359507452598316206e+02 7.525675145633410335e-01
1.367411010777960882e+02 7.521701303826924256e-01
1.375397473563285189e+02 7.517543972844303868e-01
1.383468609370079321e+02 7.513201803048022986e-01
1.391626186033861643e+02 7.508673368017770855e-01
1.399871969035918085e+02 7.503957164307047956e-01
1.408207719356132941e+02 7.499051611524782945e-01
1.416635190807144795e+02 7.493955052883711776e-01
1.425156126692714054e+02 7.488665756382644201e-01
1.433772255608602677e+02 7.483181916824225288e-01
1.442485286206291448e+02 7.477501658888571212e-01
1.451296900731758512e+02 7.471623041507781116e-01
1.460208747152696276e+02 7.465544063804410158e-01
1.469222429702393242e+02 7.459262672864080956e-01
1.478339497688455424e+02 7.452776773613566386e-01
1.487561432446580341e+02 7.446084241064576670e-01
1.496889632368572052e+02 7.439182935155119747e-01
1.506325395992212748e+02 7.432070718378737118e-01
1.515869903226429756e+02 7.424745476321786830e-01
1.525524194876993818e+02 7.417205141144040947e-01
1.535289150758534049e+02 7.409447717919189769e-01
1.545165466813057833e+02 7.401471313608680713e-01
1.555153631801362621e+02 7.393274168273973324e-01
1.565253904291543847e+02 7.384854687938678941e-01
1.575466290822522240e+02 7.376211478305190195e-01
1.585790526258869875e+02 7.367343378320539982e-01
1.596226057464496080e+02 7.358249492387036739e-01
1.606772031481976910e+02 7.348929219849285044e-01
1.617427289395754997e+02 7.339382280283289761e-01
1.628190366966425415e+02 7.329608733085836159e-01
1.639059502931956445e+02 7.319608989941372990e-01
1.650032655587480406e+02 7.309383818933432586e-01
1.661107527871848504e+02 7.298934339385418912e-01
1.672281600746724166e+02 7.288262006934029813e-01
1.683552174174734830e+02 7.277368588841102159e-01
1.694916414528683219e+02 7.266256130099423283e-01
1.706371406861618993e+02 7.254926911414298907e-01
1.717914210161140431e+02 7.243383400612063427e-01
1.729541913537323694e+02 7.231628199389138478e-01
1.741251691295815931e+02 7.219663987508807557e-01
1.753040854983126735e+02 7.207493466601727627e-01
1.764906900772287770e+02 7.195119305601677118e-01
1.776847550930574471e+02 7.182544089591523795e-01
1.788860788551284315e+02 7.169770273463877963e-01
1.800944885154864039e+02 7.156800141401539195e-01
1.813098421180155242e+02 7.143635772748484492e-01
1.825320299740923815e+02 7.130279014434055540e-01
1.837609754269057305e+02 7.116731459792176029e-01
1.849966350867284177e+02 7.102994433325300339e-01
1.862389986280328458e+02 7.089068980785211416e-01
1.874880882424109245e+02 7.074955863823713109e-01
1.887439578399290667e+02 7.060655558398867271e-01
1.900066920814585956e+02 7.046168256160909582e-01
1.912764053192834126e+02 7.031493868036914341e-01
1.925532405096332411e+02 7.016632029334398668e-01
1.938373681517417708e+02 7.001582105745630669e-01
1.951289852968890841e+02 6.986343199731130937e-01
1.964283146628237944e+02 6.970914156831844455e-01
1.977356038793774360e+02 6.955293571557662480e-01
1.990511248864363836e+02 6.939479792547282866e-01
2.003751734988368014e+02 6.923470926770787237e-01
2.017080691491166533e+02 6.907264842592782950e-01
2.030501548165970291e+02 6.890859171549843509e-01
2.044017971484280736e+02 6.874251308739988131e-01
2.057633867796271545e+02 6.857438411716478832e-01
2.071353388551800379e+02 6.840417397840475866e-01
2.085180937605195197e+02 6.823184940023239164e-01
2.099121180668104500e+02 6.805737460804293093e-01
2.113179056970697616e+02 6.788071124736614337e-01
2.127359793229515219e+02 6.770181829023930176e-01
2.141668920010957606e+02 6.752065192391171200e-01
2.156112290610202820e+02 6.733716542157601737e-01
2.170696102581514708e+02 6.715130899492803840e-01
2.185426922064588950e+02 6.696302962859955743e-01
2.200311711064411782e+02 6.677227089675692451e-01
2.215357857836692119e+02 6.657897276270485776e-01
2.230573210544982601e+02 6.638307136271105469e-01
2.245966114314914250e+02 6.618449877644020374e-01
2.261545451764820314e+02 6.598318278774140122e-01
2.277320687026209498e+02 6.577904664127628420e-01
2.293301913112922819e+02 6.557200880350654293e-01
2.309499902312066126e+02 6.536198274016580267e-01
2.325926158914654138e+02 6.514887672830599330e-01
2.342592973190976409e+02 6.493259372790034512e-01
2.359513474761145631e+02 6.471303134943627855e-01
2.376701682535679652e+02 6.449008196831705897e-01
2.394172546932235832e+02 6.426363305757811784e-01
2.411941978040262313e+02 6.403356783806640751e-01
2.430026850453579925e+02 6.379976638390125743e-01
2.448444971494584763e+02 6.356210737153740187e-01
2.467214994089783318e+02 6.332047072725351944e-01
2.486356248334887198e+02 6.307474151206430291e-01
2.505888456778940565e+02 6.282481548223999290e-01
2.525831287854951768e+02 6.257060687104861740e-01
2.546203691383992123e+02 6.231205902579557421e-01
2.567022952994169600e+02 6.204915855550454662e-01
2.588303407861053529e+02 6.178195350264428232e-01
2.610054780268736181e+02 6.151057560022955562e-01
2.632280180804036718e+02 6.123526572391886358e-01
2.654973914060503830e+02 6.095640004237360410e-01
2.678119427680884996e+02 6.067451218822327297e-01
2.701687929393589229e+02 6.039030462408360167e-01
2.725638309269480146e+02 6.010464162286904832e-01
2.749918881490423814e+02 5.981851866195471157e-01
2.774471007005988668e+02 5.953300937091479117e-01
2.799233973938227109e+02 5.924919971900300952e-01
2.824149924422847562e+02 5.896812550772330130e-01
2.849167482322494038e+02 5.869072929013035012e-01
2.874243144564638897e+02 5.841784622035182117e-01
2.899340195091076566e+02 5.815021886435803866e-01
2.924425527085874137e+02 5.788853327868710430e-01
2.949465138857096349e+02 5.763346470081356365e-01
2.974419262272021456e+02 5.738572012338309936e-01
2.999238236258360644e+02 5.714606519513449889e-01
3.023860381080452271e+02 5.691532408110115959e-01
3.048213057864207940e+02 5.669434502604784321e-01
3.072217468166630283e+02 5.648393369259866459e-01
3.095796457416772114e+02 5.628476967814592946e-01
3.118883179213145809e+02 5.609733184113854243e-01
3.141427946225625192e+02 5.592185660626103338e-01
3.163401441957690281e+02 5.575833938640145648e-01
3.184794103497688411e+02 5.560657192362359336e-01
3.205612809342597416e+02 5.546619830597691037e-01
3.225876428533715057e+02 5.533677259748108757e-01
3.245611478176138576e+02 5.521780722683229392e-01
3.264848567586608965e+02 5.510880813359568808e-01
3.283619821730227386e+02 5.500929730973316278e-01
3.301957190886257081e+02 5.491882545455850639e-01
3.319891442537884245e+02 5.483697779000850092e-01
3.337451626173305499e+02 5.476337557796142619e-01
3.354664841659479180e+02 5.469767516105027427e-01
3.371556190583943931e+02 5.463956571094968906e-01
3.388148831406698491e+02 5.458876640135107428e-01
3.404464089130244702e+02 5.454502341659230868e-01
3.420521589953083321e+02 5.450810701862039975e-01
3.436339403712008789e+02 5.447780878426319306e-01
3.451934184394639828e+02 5.445393906154002428e-01
3.467321303500766589e+02 5.443632465842039858e-01
3.482514973709441506e+02 5.442480675843146543e-01
3.497528361882779109e+02 5.441923904795635814e-01
3.512373691357585699e+02 5.441948603591169054e-01
3.527062334015965348e+02 5.442542154544657285e-01
3.541604892837031571e+02 5.443692735796639148e-01
3.556011275832823912e+02 5.445389199131436264e-01
3.570290762193807836e+02 5.447620959581800371e-01
3.584452061544351977e+02 5.450377895396352201e-01
3.598503367073161030e+02 5.453650257134518009e-01
3.612452403282620708e+02 5.457428584837216157e-01
3.626306469030304243e+02 5.461703632388135166e-01
3.640072476435565250e+02 5.466466298317435024e-01
3.653756986209561433e+02 5.471707562440972783e-01
3.667366239852627814e+02 5.477418427822885461e-01
3.680906189159815654e+02 5.483589867660957351e-01
3.694382523390919459e+02 5.490212776762734004e-01
3.707800694438868163e+02 5.497277927356070126e-01
3.721165940293178664e+02 5.504775929035368165e-01
3.734483307042006004e+02 5.512697192680093838e-01
3.747757669642156202e+02 5.521031898223439649e-01
3.760993751668857499e+02 5.529769966181413698e-01
3.774196144209740851e+02 5.538901032855517714e-01
3.787369324057190738e+02 5.548414429135892778e-01
3.800517671339047183e+02 5.558299162836513041e-01
3.813645486705837016e+02 5.568543904485862006e-01
3.826757008167737695e+02 5.579136976476858356e-01
3.839856427675755981e+02 5.590066345473904130e-01
3.852947907519134105e+02 5.601319617946314278e-01
3.866035596591500507e+02 5.612884038664498476e-01
3.879123646580013087e+02 5.624746491976831964e-01
3.892216228111151963e+02 5.636893505645863556e-01
3.905317546864746987e+02 5.649311256978222229e-01
3.918431859666227410e+02 5.661985580956335751e-01
3.931563490546730009e+02 5.674901980037498905e-01
3.944716846724390962e+02 5.688045635228782260e-01
3.957896434454592622e+02 5.701401418020642931e-01
3.971106874638766726e+02 5.714953902690145249e-01
3.984352918036983056e+02 5.728687378430408206e-01
3.997639459879324590e+02 5.742585860711949541e-01
4.010971553563277894e+02 5.756633101183010748e-01
4.024354423022887204e+02 5.770812595339228634e-01
4.037793473195123966e+02 5.785107587077126245e-01
4.051294297802816686e+02 5.799501069112908969e-01
4.064862683401615300e+02 5.813975778088620316e-01
4.078504608292020066e+02 5.828514183009886329e-01
4.092226234416799002e+02 5.843098465422933430e-01
4.106033889769200869e+02 5.857710489496443795e-01
4.119934038084656436e+02 5.872331759922280181e-01
4.133933231594806443e+02 5.886943365254984073e-01
4.148038041488827048e+02 5.901525904149464985e-01
4.162254959309015021e+02 5.916059391858278227e-01
4.176590261011748453e+02 5.930523144618182751e-01
4.191049823902419007e+02 5.944895640314601382e-01
4.205638885486696381e+02 5.959154355481725007e-01
4.220361733047888038e+02 5.973275581768476838e-01
4.235221314496535570e+02 5.987234230192579609e-01
4.250218766140641833e+02 6.001003639482375140e-01
4.265352863437723840e+02 6.014555416158258172e-01
4.280619418514136783e+02 6.027859348571537046e-01
4.296010674327939682e+02 6.040883453068744968e-01
4.311514778134605308e+02 6.053594223191094414e-01
4.327115449642487874e+02 6.065957154337456858e-01
4.342791978335411045e+02 6.077937596124454167e-01
4.358519671393500516e+02 6.089501934308896303e-01
4.374270813146254113e+02 6.100619025047334665e-01
4.390016090291276782e+02 6.111261715215358103e-01
4.405726312240645939e+02 6.121408218431394488e-01
4.421374162105277037e+02 6.131043113026747315e-01
4.436935696024369804e+02 6.140157798488610208e-01
4.452391378021595756e+02 6.148750367944639805e-01
4.467726562987842271e+02 6.156824978303860885e-01
4.482931468235016723e+02 6.164390882261624460e-01
4.498000760690788411e+02 6.171461309149830488e-01
4.512932917206579759e+02 6.178052354611205388e-01
4.527729500307346484e+02 6.184181986859526026e-01
4.542394452930644775e+02 6.189869223234736317e-01
4.556933472929444520e+02 6.195133488658705057e-01
4.571353493129417984e+02 6.199994141502549461e-01
4.585662269261268875e+02 6.204470140088071961e-01
4.599868065225479086e+02 6.208579820196389321e-01
4.613979419930622612e+02 6.212340756318655011e-01
4.628004979246422295e+02 6.215769683886808172e-01
4.641953378303907698e+02 6.218882464625724582e-01
4.655833161810775209e+02 6.221694081545076083e-01
4.669652732631109870e+02 6.224218653690716252e-01
4.683420321067949317e+02 6.226469463544410665e-01
4.697143969148229417e+02 6.228458992049835663e-01
4.710831525664759170e+02 6.230198957769428336e-01
4.724490648823261836e+02 6.231700357774737631e-01
4.738128814177495656e+02 6.232973508659768180e-01
4.751753326200689571e+02 6.234028086626739462e-01
4.765371332271898837e+02 6.234873165978223053e-01
4.778989838214615702e+02 6.235517255622520238e-01
4.792615724802759019e+02 6.235968333385786266e-01
4.806255764795978394e+02 6.236233878047299228e-01
4.819916640237726142e+02 6.236320899100350479e-01
4.833604959838925765e+02 6.236235964293875833e-01
4.847327276336343971e+02 6.235985225043898517e-01
4.861090103782222513e+02 6.235574439823213799e-01
4.874899934738930369e+02 6.235008995648081420e-01
4.888763257411589507e+02 6.234293927783832734e-01
4.902686572732621357e+02 6.233433937791760249e-01
4.916676411464945886e+02 6.232433410035826959e-01
4.930739351367840300e+02 6.231296426764618701e-01
4.944882034507138542e+02 6.230026781877602282e-01
4.959111184767872942e+02 6.228627993481726799e-01
4.973433625632955568e+02 6.227103315340535294e-01
4.987856298332700931e+02 6.225455747310326693e-01
5.002386280399582574e+02 6.223688044862154545e-01
5.017030804722488710e+02 6.221802727781523545e-01
5.031797279159552545e+02 6.219802088140783392e-01
5.046693306753399497e+02 6.217688197643286285e-01
5.061726706603978414e+02 6.215462914440348374e-01
5.076905535434540866e+02 6.213127889529775905e-01
5.092238109819670626e+02 6.210684572862530395e-01
5.107733029082158964e+02 6.208134219289352940e-01
5.123399198759692581e+02 6.205477894508826253e-01
5.139245854497610253e+02 6.202716481203804921e-01
5.155282586148980499e+02 6.199850685587281474e-01
5.171519361733834330e+02 6.196881044627708945e-01
5.187966550728966695e+02 6.193807934288555472e-01
5.204634945987678520e+02 6.190631579187118039e-01
5.221535783242184152e+02 6.187352064188345047e-01
5.238680756774073188e+02 6.183969348574027691e-01
5.256082029296127303e+02 6.180483283595930022e-01
5.273752233349116523e+02 6.176893634439296621e-01
5.291704460577666396e+02 6.173200107891767541e-01
5.309952233989281467e+02 6.169402387354508965e-01
5.328509456558049351e+02 6.165500177277857263e-01
5.347390327440475630e+02 6.161493259618863183e-01
5.366609214275316617e+02 6.157381565560716696e-01
5.386180466596259748e+02 6.153165266470467243e-01
5.406118151386939417e+02 6.148844888843647549e-01
5.426435687313037306e+02 6.144421458719213636e-01
5.447145349988217049e+02 6.139896681485127461e-01
5.468257617832377946e+02 6.135273162787014956e-01
5.489780329167809896e+02 6.130554674712991314e-01
5.511717629846466480e+02 6.125746467616467461e-01
5.534068712383491402e+02 6.120855620589435997e-01
5.556826388538671608e+02 6.115891411471233718e-01
5.579975602309516489e+02 6.110865669849439019e-01
5.603492077024141054e+02 6.105793055415850157e-01
5.627341381321950848e+02 6.100691184836818381e-01
5.651478755826401539e+02 6.095580523367444270e-01
5.675850010839893685e+02 6.090483975688586460e-01
5.700393641641567228e+02 6.085426161866311912e-01
5.725044022192037119e+02 6.080432441669496590e-01
5.749735222213680572e+02 6.075527826761238925e-01
5.774404789784690593e+02 6.070735959590501940e-01
5.798996857678845345e+02 6.066078318321976859e-01
5.823464157693895231e+02 6.061573737845867837e-01
5.847768846415327744e+02 6.057238251522902850e-01
5.871882317963052174e+02 6.053085192042911844e-01
5.895784323384788195e+02 6.049125459741497846e-01
5.919461731318485818e+02 6.045367869574418407e-01
5.942907197861724171e+02 6.041819509519262832e-01
5.966117919102238147e+02 6.038486069360282649e-01
5.989094554219328757e+02 6.035372120889606062e-01
6.011840345948379536e+02 6.032481345458081679e-01
6.034360429196417499e+02 6.029816713034941156e-01
6.056661301984140664e+02 6.027380620352250640e-01
6.078750428241024792e+02 6.025174996309410336e-01
6.100635943772332439e+02 6.023201382017381311e-01
6.122326441075363164e+02 6.021460991582653355e-01
6.143830813544368539e+02 6.019954758425657415e-01
6.165158144029936693e+02 6.018683370790754994e-01
6.186317626431366534e+02 6.017647299184157861e-01
6.207318511797740257e+02 6.016846817773868761e-01
6.228170072742088905e+02 6.016282021244547806e-01
6.248881581527856497e+02 6.015952838211958698e-01
6.269462298472020620e+02 6.015859042008068203e-01
6.289921468240964941e+02 6.016000259437791486e-01
6.310268322257710452e+02 6.016375977956424093e-01
6.330512085966787481e+02 6.016985551605854576e-01
6.350661990079380530e+02 6.017828205969154576e-01
6.370727285191071587e+02 6.018903042346266385e-01
6.390717259398579699e+02 6.020209041314122933e-01
6.410641258671652167e+02 6.021745065803811858e-01
6.430508709927551081e+02 6.023509863810946330e-01
6.450329146807380312e+02 6.025502070838141266e-01
6.470112238282235921e+02 6.027720212161163937e-01
6.489867820318041822e+02 6.030162705006462120e-01
6.509605930869552139e+02 6.032827860720344493e-01
6.529336848590326099e+02 6.035713887010974998e-01
6.549071135785073920e+02 6.038818890352442015e-01
6.568819686118920345e+02 6.042140878626113265e-01
6.588593777831051739e+02 6.045677764092568518e-01
6.608405133283816895e+02 6.049427366784448923e-01
6.628265985814992973e+02 6.053387418409392762e-01
6.648189155086803339e+02 6.057555566861115848e-01
6.668188132271066024e+02 6.061929381423140084e-01
6.688277176715582755e+02 6.066506358754174544e-01
6.708471425911445749e+02 6.071283929705511007e-01
6.728787020934501015e+02 6.076259466994659020e-01
6.749241249772263700e+02 6.081430293676294285e-01
6.769852711171109831e+02 6.086793692216645457e-01
6.790641501812662000e+02 6.092346913768106331e-01
6.811629429461256677e+02 6.098087186861842479e-01
6.832840254067659771e+02 6.104011724114642989e-01
6.854299957244154484e+02 6.110117724535727435e-01
6.876037037046509113e+02 6.116402367303978016e-01
6.898082818271383303e+02 6.122862790054457438e-01
6.920471755826505387e+02 6.129496039998155732e-01
6.943241685298610264e+02 6.136298978283742933e-01
6.966433932647278198e+02 6.143268104876324909e-01
6.990093119624114024e+02 6.150399249482805253e-01
7.014266370820259908e+02 6.157687039074778435e-01
7.039001409928919202e+02 6.165123999005654998e-01
7.064342696849254253e+02 6.172699072068208448e-01
7.090324327024254671e+02 6.180395269639030742e-01
7.116958127593939025e+02 6.188186190466895553e-01
7.144216038060162646e+02 6.196031492844404909e-01
7.172009110633969158e+02 6.203872487783881340e-01
7.200172625543887079e+02 6.211630942697926594e-01
7.228473844422536558e+02 6.219215386804868295e-01
7.256652675638449637e+02 6.226536122375722071e-01
7.284480209597854810e+02 6.233522613169929505e-01
7.311801540075468893e+02 6.240133392166659076e-01
7.338544057076602485e+02 6.246354879819253636e-01
7.364700096376091096e+02 6.252193506272445411e-01
7.390302198607356559e+02 6.257667007872927956e-01
7.415402376839699627e+02 6.262797911732432832e-01
7.440058626448078485e+02 6.267609654868651070e-01
7.464327726661625775e+02 6.272124697809774441e-01
7.488262190122675293e+02 6.276363831899917090e-01
7.511909464857321836e+02 6.280346079588952080e-01
7.535312153528157069e+02 6.284088835567890330e-01
7.558508587335710445e+02 6.287608076309311178e-01
7.581533456345208606e+02 6.290918567430661135e-01
7.604418389091957806e+02 6.294034046628346202e-01
7.627192457409513509e+02 6.296967379019057232e-01
7.649882611197270990e+02 6.299730687645698213e-01
7.672514054408578659e+02 6.302335462974542057e-01
7.695110573075442062e+02 6.304792654904839422e-01
7.717694824473946937e+02 6.307112750298589088e-01
7.740288595206380933e+02 6.309305838596452887e-01
7.762913034967042449e+02 6.311381667710153076e-01
7.785588872139289833e+02 6.313349692077860897e-01
7.808336616828537444e+02 6.315219114502689246e-01
7.831176756598662223e+02 6.316998923181326164e-01
7.854129949893862204e+02 6.318697925155735140e-01
7.877217222073934408e+02 6.320324777299864971e-01
7.900460169094272942e+02 6.321888015875788414e-01
7.923881174143095905e+02 6.323396085659094279e-01
7.947503643092459242e+02 6.324857369647107763e-01
7.971352265346920376e+02 6.326280220419457923e-01
7.995453307746793143e+02 6.327672994333060075e-01
8.019834950429088849e+02 6.329044089896479486e-01
8.044527675161930347e+02 6.330401991903773506e-01
8.069564718469654281e+02 6.331755323216999853e-01
8.094982603641500418e+02 6.333112906476475734e-01
8.120821767021343476e+02 6.334483838486042462e-01
8.147127293644903148e+02 6.335877580529071240e-01
8.173949772784108063e+02 6.337304068299141058e-01
8.201346270071973095e+02 6.338773845181987499e-01
8.229381378474415669e+02 6.340298221586823102e-01
8.258128232197470879e+02 6.341889459259780759e-01
8.287669197797383731e+02 6.343560969379722358e-01
8.318095597265029255e+02 6.345327488743167654e-01
8.349505082201936830e+02 6.347205142912583087e-01
8.381993856123683599e+02 6.349211187534479217e-01
8.415638542070546464e+02 6.351362995687437341e-01
8.450459816263825132e+02 6.353675536020069181e-01
8.486362042155359404e+02 6.356156488653335046e-01
8.523064121764991796e+02 6.358799442873819263e-01
8.560084159848011041e+02 6.361579569918544008e-01
8.596851445040563249e+02 6.364458819313518756e-01
8.632898268570019127e+02 6.367399915046926262e-01
8.667973194516388276e+02 6.370377633604410450e-01
8.702020509384976776e+02 6.373380564207188348e-01
8.735102686187971130e+02 6.376407215767948555e-01
8.767333222921364495e+02 6.379461554253288424e-01
8.798835908644574602e+02 6.382549811880198209e-01
8.829725689864314973e+02 6.385678699528849478e-01
8.860102815895497770e+02 6.388854645602636273e-01
8.890053230615750408e+02 6.392083599062728938e-01
8.919651035876512424e+02 6.395371069473133607e-01
8.948961151655620370e+02 6.398722234020081112e-01
8.978041543855179043e+02 6.402142041090582714e-01
9.006944949586486473e+02 6.405635292028323269e-01
9.035720212306522399e+02 6.409206703705011554e-01
9.064413353156411404e+02 6.412860959137990369e-01
9.093068473495388844e+02 6.416602752369215956e-01
9.121728552776602328e+02 6.420436831930776966e-01
9.150436186291901777e+02 6.424368045948460892e-01
9.179234297505428231e+02 6.428401391426056266e-01
9.208166856577097406e+02 6.432542070350039110e-01
9.237279637326093962e+02 6.436795555707729433e-01
9.266621048419002591e+02 6.441167671259473426e-01
9.296243081047266514e+02 6.445664689977204098e-01
9.326202425511713727e+02 6.450293457558005095e-01
9.356561824028776755e+02 6.455061549467820958e-01
9.387391748563927649e+02 6.459977472772230334e-01
9.418772522215856497e+02 6.465050927669975245e-01
9.450797041771144222e+02 6.470293148045050957e-01
9.483574305232606321e+02 6.475717344573945766e-01
9.517233984791123476e+02 6.481339274246171733e-01
9.551932253792828078e+02 6.487177945050915939e-01
9.587858780514295631e+02 6.493256398699972509e-01
9.625243629882796768e+02 6.499602291750039562e-01
9.664358887648143082e+02 6.506247302821943634e-01
9.705497723660147358e+02 6.513222359306851672e-01
9.748881249393830331e+02 6.520540479168037695e-01
9.794392100697180013e+02 6.528151606421900288e-01
9.841137199856816551e+02 6.535874080762836824e-01
9.887478701377904144e+02 6.543412273363703457e-01
9.932069597026992369e+02 6.550537079426410614e-01
9.974512015245135217e+02 6.557188130793529801e-01
1.001500380918988753e+03 6.563405772796004900e-01
1.005391594576297734e+03 6.569257554329107629e-01
1.009161956155551024e+03 6.574809175947994300e-01
1.012842335510334919e+03 6.580114849294169677e-01
1.016456364579590513e+03 6.585216467690357955e-01
1.020022039241117341e+03 6.590146659984305044e-01
1.023553549016516854e+03 6.594931936273373818e-01
1.027062652990882043e+03 6.599594958062965366e-01
1.030559610821546585e+03 6.604156028448958660e-01
1.034053771618516748e+03 6.608634018098725749e-01
1.037553959086522809e+03 6.613046963370021736e-01
1.041068758098022499e+03 6.617412502471577973e-01
1.044606760237030358e+03 6.621748237771233336e-01
1.048176800916405227e+03 6.626072073167994514e-01
1.051788209725915067e+03 6.630402558646649736e-01
1.055451092929739161e+03 6.634759269742904753e-01
1.059176670136883558e+03 6.639163253469334558e-01
1.062977693986385475e+03 6.643637581316486074e-01
1.066868991797157605e+03 6.648208063926929201e-01
1.070868180992783664e+03 6.652904200813242186e-01
1.074996621147106680e+03 6.657760457347170480e-01
1.079280653808911893e+03 6.662817955929034586e-01
1.083753066632509217e+03 6.668126541482671810e-01
1.088454208321157466e+03 6.673746569723356670e-01
1.093430257292604438e+03 6.679747379194375112e-01
1.098719838946340815e+03 6.686191379181682937e-01
1.104307060501775368e+03 6.693075252648903462e-01
1.110038799571224672e+03 6.700221639804452289e-01
1.115654705456744750e+03 6.707306127714371957e-01
1.120992657370747111e+03 6.714113688499571131e-01
1.126043026738715071e+03 6.720617919896358927e-01
1.130856843413861498e+03 6.726872018804274100e-01
1.135492918567221977e+03 6.732942689796618252e-01
1.140003550992406645e+03 6.738891210710764579e-01
1.144429676130151392e+03 6.744766258849406171e-01
1.148802146230283597e+03 6.750604827564766763e-01
1.153145207470381592e+03 6.756436285712227319e-01
1.157479303283602803e+03 6.762285757822685817e-01
1.161823058974727928e+03 6.768176546413714467e-01
1.166194679032458453e+03 6.774131843062093372e-01
1.170612993118189479e+03 6.780176005005510431e-01
1.175098428856577584e+03 6.786335748499340292e-01
1.179674133744867049e+03 6.792641544883002425e-01
1.184367458702835393e+03 6.799129494398048479e-01
1.189212094559921752e+03 6.805844055772808376e-01
1.194251332392856057e+03 6.812842240974716912e-01
1.199543244003121799e+03 6.820200295315018701e-01
1.205168969746846187e+03 6.828024332264247542e-01
1.211244372226161659e+03 6.836464892359772616e-01
1.217921345621260571e+03 6.845715697928718146e-01
1.225266085574683302e+03 6.855841320164663966e-01
1.232779615362584536e+03 6.866124555760080295e-01
1.239731779634997793e+03 6.875556170031248415e-01
1.246073254351852711e+03 6.884079298088612298e-01
1.251996214937389141e+03 6.891965167679855453e-01
1.257641900315048360e+03 6.899412072963888587e-01
1.263124093624460102e+03 6.906578029612118197e-01
1.268527979031288623e+03 6.913580566819634843e-01
1.273910523606164361e+03 6.920498808262632862e-01
1.279314670398835005e+03 6.927393085983856169e-01
1.284778041800770779e+03 6.934316732138263717e-01
1.290338065002411895e+03 6.941322898053435830e-01
1.296036374465548079e+03 6.948470254292068438e-01
1.301922999355243064e+03 6.955828319056970299e-01
1.308061852654455379e+03 6.963484392240696375e-01
1.314539369424629285e+03 6.971554450451080687e-01
1.321478276740934916e+03 6.980200534088242259e-01
1.329054200281997510e+03 6.989651831681424898e-01
1.337463952561550059e+03 7.000165305703083263e-01
1.346537791880126861e+03 7.011537883126447435e-01
1.355273659188097326e+03 7.022512389423367640e-01
1.363207742719468115e+03 7.032495686605312324e-01
1.370551159516152893e+03 7.041743098900471454e-01
1.377523961001933458e+03 7.050524433059585094e-01
1.384288704118603391e+03 7.059039144245410347e-01
1.390983137874953400e+03 7.067456489085583993e-01
1.397710679545129778e+03 7.075902921239047849e-01
1.404557048635561614e+03 7.084482658950406186e-01
1.411610273825054492e+03 7.093302435777526505e-01
1.418977047805964503e+03 7.102491379924806836e-01
1.426806084777814249e+03 7.112229088516582864e-01
1.435330294606917960e+03 7.122795958114968018e-01
1.444947971901767687e+03 7.134669149760750617e-01
1.456199518523578945e+03 7.148484475599089505e-01
1.466369135575723931e+03 7.160893676982924561e-01
1.476469082363965526e+03 7.173137317092115328e-01
1.485749416820603756e+03 7.184312035534283769e-01
1.494391619196284864e+03 7.194651685850573797e-01
1.502826078498438392e+03 7.204681397002714593e-01
1.511272545545285084e+03 7.214667476015215186e-01
1.519938798322777302e+03 7.224858237280908924e-01
1.529050201948821496e+03 7.235519483646404293e-01
1.538885947119172670e+03 7.246976768218424958e-01
1.549903704390844723e+03 7.259758711391967045e-01
1.562939941141063173e+03 7.274822853502137532e-01
1.576060016408444199e+03 7.289923709813372898e-01
1.587746258941778933e+03 7.303321531489000984e-01
1.599332273600019334e+03 7.316549279028536912e-01
1.610311846806933545e+03 7.329026721270401890e-01
1.620992606601670559e+03 7.341103831640585220e-01
1.631884473075217784e+03 7.353352488447095769e-01
1.643391360095057962e+03 7.366215279380111669e-01
1.656117695282379373e+03 7.380346477701573704e-01
1.671197236113816871e+03 7.396961680068678824e-01
1.687591514060664849e+03 7.414867717271714787e-01
1.702014991586889892e+03 7.430485890080406053e-01
1.716279359925036033e+03 7.445807277810635449e-01
1.730037733943761623e+03 7.460468390648163917e-01
1.743830430146589833e+03 7.475052677442052262e-01
1.758674121989851756e+03 7.490625103605496049e-01
1.776038934551098237e+03 7.508686934882902175e-01
1.799603623932059918e+03 7.532939049388253094e-01
1.817994888496853036e+03 7.551662394152764968e-01
1.836040373009895575e+03 7.569857024418006342e-01
1.854150559000716839e+03 7.587935917594355040e-01
1.873187852449106003e+03 7.606740038761190537e-01
1.896079343145785970e+03 7.629076865575882271e-01
1.921629084755741587e+03 7.653657850168438248e-01
1.946781063024862306e+03 7.677503567532893980e-01
1.970281846521044145e+03 7.699474255399053613e-01
1.995297379293354652e+03 7.722537481983849927e-01
2.026904206596470203e+03 7.751205682831739940e-01
2.060181845537180834e+03 7.780826258067133905e-01
2.092625205972258300e+03 7.809154570787362193e-01
2.127394632264953543e+03 7.838918566576112967e-01
2.172008171496393516e+03 7.876222005945743287e-01
2.215906759624682309e+03 7.911977577935662698e-01
2.258900172386257964e+03 7.946106716255397773e-01
2.308978827890711273e+03 7.984778814848012551e-01
2.364958819967464933e+03 8.026668739663461727e-01
2.422177010088415500e+03 8.068071826235132527e-01
2.480577932055112797e+03 8.108909949349828450e-01
2.539267749899111550e+03 8.148557816350195937e-01
2.600232322089523677e+03 8.188320927281225181e-01
2.664807126080622311e+03 8.228922201088868515e-01
2.732096735953197822e+03 8.269641329898731463e-01
2.801020789755053102e+03 8.309744079456025112e-01
2.871566521994296181e+03 8.349186793285076069e-01
2.944394090779836006e+03 8.388285845037189992e-01
3.019782964751601867e+03 8.427113734132457568e-01
3.097454364997129687e+03 8.465456559358770505e-01
3.177127440387860588e+03 8.503130127117569659e-01
3.258816246814571969e+03 8.540109817425158845e-01
3.342627146459853520e+03 8.576414356579156184e-01
3.428554179105350613e+03 8.612014143085457984e-01
3.516521436535589146e+03 8.646858058100361788e-01
3.606493302458181006e+03 8.680919868567779085e-01
3.698485566343798382e+03 8.714197942676470410e-01
3.792520144772369349e+03 8.746695279594201011e-01
3.888609111738900992e+03 8.778413637346067500e-01
3.986768581625941806e+03 8.809358314768622744e-01
4.087027051976241182e+03 8.839540061509144619e-01
4.189420718254189524e+03 8.868972714140724856e-01
4.293988186728381152e+03 8.897671150918045058e-01
4.400769935396205256e+03 8.925650922240835339e-01
4.509809063916402920e+03 8.952928260228153468e-01
4.621150811770643486e+03 8.979519771725480437e-01
4.734841560348206258e+03 9.005442071872202803e-01
4.850928280019348676e+03 9.030711592220028727e-01
4.969458357273369074e+03 9.055344508900610156e-01
5.090479474020130510e+03 9.079356696747986621e-01
5.214039479356019001e+03 9.102763693009561230e-01
5.340186321576432420e+03 9.125580681570704122e-01
5.468968053344136933e+03 9.147822495074078297e-01
5.600432876915086126e+03 9.169503624865682490e-01
5.734629203855716696e+03 9.190638232571968214e-01
5.871605719138561653e+03 9.211240161181761810e-01
6.011411441873927288e+03 9.231322944481368253e-01
6.154095772662089075e+03 9.250899813786400694e-01
6.299708517323149863e+03 9.269983701315434033e-01
6.448299878140166584e+03 9.288587240069456907e-01
6.599920404411567688e+03 9.306722760370270686e-01
6.754620893842969053e+03 9.324402283311830075e-01
6.912452235067608854e+03 9.341637511348193090e-01
7.073465179970096870e+03 9.358439816192017924e-01
7.237710031560251991e+03 9.374820224046368500e-01
7.405236229378968346e+03 9.390789398034167235e-01
7.576091808238691556e+03 9.406357617397560489e-01
7.750322698086473793e+03 9.421534752736384632e-01
7.927971820978394135e+03 9.436330236111888370e-01
8.109077924987550432e+03 9.450753024302955829e-01
8.293674071118737629e+03 9.464811552710122866e-01
8.481785655380655953e+03 9.478513676333023552e-01
8.673427797521146204e+03 9.491866592644782052e-01
8.868601852909223453e+03 9.504876738875477349e-01
9.067290688304976356e+03 9.517549652614596400e-01
9.269452182811468447e+03 9.529889779107185710e-01
9.475010128404415809e+03 9.541900199730336540e-01
9.683841237725146129e+03 9.553582241708582501e-01
9.895756186882455950e+03 9.564934904987213438e-01
1.011047128544466432e+04 9.575954000855551040e-01
1.032756502017812090e+04 9.586630824383408633e-01
1.054640949493997869e+04 9.596950052231881800e-01
1.076605901539456318e+04 9.606886317515991314e-01
1.098506353012828185e+04 9.616398464920732359e-01
1.120114728969802491e+04 9.625419642688259891e-01
1.141064155104663405e+04 9.633839767311384028e-01
1.158425350135699591e+04 9.640586982411664119e-01
1.172649395819112033e+04 9.645966069820344213e-01
1.179166861132525628e+04 9.648387394135926609e-01
1.181401484035201247e+04 9.649211431027873154e-01
1.185870729840552485e+04 9.650850181667557370e-01
1.194809221451255144e+04 9.654090887618675954e-01
1.210461011190796853e+04 9.659650217548492179e-01
1.231582640373490540e+04 9.666928198424024066e-01
1.256728637284454089e+04 9.675273460186513130e-01
1.284682128076019035e+04 9.684166272271621523e-01
1.314418073328262653e+04 9.693209895684816724e-01
1.345311184019202847e+04 9.702180701799035800e-01
1.377102927862205433e+04 9.710990680287776566e-01
1.409714518862133991e+04 9.719613220736259551e-01
1.443116913850889796e+04 9.728038889114084542e-01
1.477296386617960525e+04 9.736263992522664612e-01
1.512253994519088701e+04 9.744289397438175016e-01
1.548002317749866961e+04 9.752118929694767457e-01
1.584559311853426880e+04 9.759757494879357509e-01
1.621944911363565188e+04 9.767210163689694635e-01
1.660180285287884180e+04 9.774481966847876624e-01
1.699287705170723348e+04 9.781577846602792503e-01
1.739290263250438875e+04 9.788502593761073678e-01
1.780211597000918846e+04 9.795260802077505602e-01
1.822075755832993673e+04 9.801856858088955349e-01
1.864907156626158394e+04 9.808294949380012007e-01
1.908730555722166173e+04 9.814579076027807325e-01
1.953571016832747773e+04 9.820713061509589448e-01
1.999453876828591092e+04 9.826700563403748534e-01
2.046404706693652042e+04 9.832545083536358144e-01
2.094449258762815225e+04 9.838249976631732174e-01
2.143613389825354170e+04 9.843818456716663112e-01
2.193922947406850290e+04 9.849253600637307704e-01
2.245403600418438873e+04 9.854558347791235740e-01
2.298080584105961316e+04 9.859735494601282735e-01
2.351978310000147758e+04 9.864787681283289089e-01
2.407119757882161866e+04 9.869717366772606804e-01
2.463525504990420450e+04 9.874526784579604755e-01
2.521212129461844233e+04 9.879217866430115569e-01
2.580189488568281377e+04 9.883792108771062290e-01
2.640455873881383013e+04 9.888250332509123108e-01
2.701988929303464829e+04 9.892592231282598680e-01
2.764727547243064691e+04 9.896815472683505588e-01
2.828533082512082910e+04 9.900913782656218798e-01
2.893099184727214742e+04 9.904872528310467716e-01
2.957724074363950058e+04 9.908657692933622307e-01
3.020705485266328105e+04 9.912187102733815980e-01
3.062881569497448072e+04 9.914467561950490726e-01
3.084018332260924944e+04 9.915586417229561578e-01
3.093540889213396076e+04 9.916085374305017019e-01
3.112586003118337976e+04 9.917073926875328294e-01
3.132331738805458008e+04 9.918085874815230074e-01
3.170274829142149247e+04 9.919994264738193346e-01
3.228842970592382335e+04 9.922850098183902956e-01
3.296587430707907333e+04 9.926024225388080380e-01
3.366840248810050980e+04 9.929178368185130887e-01
3.439027731524645787e+04 9.932282755312801248e-01
3.513425939518662926e+04 9.935346605006827314e-01
3.589506982474962570e+04 9.938346594355065289e-01
3.666476979449186911e+04 9.941253494765026621e-01
3.743647254338209314e+04 9.944046909468943207e-01
3.820315078043786343e+04 9.946709737950760744e-01
3.895615078560649272e+04 9.949222778818773705e-01
3.968517600474377832e+04 9.951565033538576355e-01
4.037900773861937341e+04 9.953716026386906224e-01
4.102615945001824002e+04 9.955657270854704199e-01
4.154434444948888267e+04 9.957168571163829141e-01
4.200214807833827217e+04 9.958473213185806694e-01
4.236814661938916106e+04 9.959496315583430404e-01
4.261879677723287023e+04 9.960187044606660933e-01
4.277989830087804148e+04 9.960626821605249592e-01
4.297811880588006898e+04 9.961163510168007384e-01
4.322215302990860800e+04 9.961817650137066993e-01
4.358542752824643685e+04 9.962778212952219103e-01
4.406154314013531257e+04 9.964013866807128750e-01
4.461143051042218576e+04 9.965409225739051413e-01
4.521759208867492998e+04 9.966909497235583171e-01
4.587703438283904688e+04 9.968498475718825524e-01
4.658579053421497520e+04 9.970158462617266792e-01
4.733681212590123323e+04 9.971866048789480574e-01
4.812273891469098453e+04 9.973599301161096831e-01
4.893672122523910366e+04 9.975339626069892329e-01
4.977164252285850671e+04 9.977069953329779084e-01
5.061947123644071689e+04 9.978773417140897051e-01
5.147110715990676545e+04 9.980433160685858729e-01
5.231646028583621228e+04 9.982032549375644548e-01
5.314463916627640720e+04 9.983555478193227861e-01
5.394422411239438225e+04 9.984986704498841625e-01
5.470350430257722473e+04 9.986311995342899150e-01
5.541046999800982303e+04 9.987517778215002640e-01
5.597244835577678896e+04 9.988457692491554685e-01
5.646504140363546321e+04 9.989268517058103036e-01
5.685003791272296803e+04 9.989894002624745140e-01
5.709311429823107756e+04 9.990285283147418705e-01
5.718091767506062752e+04 9.990425938869983424e-01
5.722782104076962423e+04 9.990500928253813751e-01
5.732162777218762494e+04 9.990650601648188855e-01
5.747990978230584733e+04 9.990902230874914025e-01
5.779099069588026032e+04 9.991393451259041880e-01
5.825203369396529888e+04 9.992113526524728506e-01
5.880436404245026642e+04 9.992964015985292825e-01
5.941670237353887205e+04 9.993891914813558541e-01
6.007529752831098449e+04 9.994872949509638893e-01
6.075702663266231684e+04 9.995870642923407878e-01
6.142486235041209147e+04 9.996831134176781264e-01
6.194343756343315181e+04 9.997565859363282126e-01
6.237281473912996444e+04 9.998167097089196709e-01
6.264878502128443506e+04 9.998550206123939521e-01
6.285155224746542808e+04 9.998830066667591110e-01
6.307164977071369503e+04 9.999132308852347606e-01
6.336423601974170742e+04 9.999531649328343708e-01
6.380754040735087619e+04 1.000013147987434348e+00
6.437791232712893543e+04 1.000089422337396394e+00
6.502409655043735256e+04 1.000174646939694156e+00
6.572400572013269993e+04 1.000265584950069009e+00
6.646950604680529796e+04 1.000360938313338721e+00
6.724916050024461583e+04 1.000459064486376448e+00
6.804723707498899603e+04 1.000557891870788474e+00
6.884650940307913697e+04 1.000655298788495351e+00
6.962793762858390983e+04 1.000749079277948983e+00
7.036857521181418269e+04 1.000836695238773943e+00
7.093487879379247897e+04 1.000902886032366546e+00
7.139852934009843739e+04 1.000956577825844462e+00
7.167343612884843606e+04 1.000988204783530788e+00
7.178004421736566292e+04 1.001000428618621596e+00
7.199326039440011664e+04 1.001024808362114271e+00
7.219497243303779396e+04 1.001047790029256701e+00
7.256488167792274908e+04 1.001089728932736289e+00
7.312738152619935863e+04 1.001153002542168657e+00
7.379610786838237254e+04 1.001227462084168351e+00
7.451546197903528810e+04 1.001306665493152392e+00
7.526719710532543832e+04 1.001388482288471105e+00
7.603635577282523445e+04 1.001471228208112185e+00
7.680483326782444783e+04 1.001552963130240448e+00
7.755721737020870205e+04 1.001632114757677439e+00
7.828225760504161008e+04 1.001707605923082944e+00
7.897039970951010764e+04 1.001778570602140261e+00
7.961154278266103938e+04 1.001844110050072345e+00
8.011871270676572749e+04 1.001895571834388932e+00
8.055762655990950589e+04 1.001939842646711654e+00
8.088446889643798932e+04 1.001972653188413886e+00
8.102949875128279382e+04 1.001987170176294795e+00
8.121569427884134348e+04 1.002005770302813348e+00
8.139125746001167863e+04 1.002023270103524988e+00
8.166016762525372906e+04 1.002050003414340917e+00
8.207834310940103023e+04 1.002091407308109972e+00
8.260047360475383175e+04 1.002142822318745630e+00
8.316226880997560511e+04 1.002197803295194589e+00
8.364759716512890009e+04 1.002245024961892605e+00
8.405013321665630792e+04 1.002284002129113505e+00
8.432754009987431346e+04 1.002310765503879875e+00
8.449311452716418717e+04 1.002326702219569210e+00
8.471550872025516583e+04 1.002348064430988339e+00
8.497751725369274209e+04 1.002373168566593309e+00
8.536474079180647095e+04 1.002410146700003502e+00
8.587405439968001156e+04 1.002458564515415818e+00
8.645939303038601065e+04 1.002513910032117428e+00
8.709597522793541430e+04 1.002573748347099558e+00
8.777592500391535577e+04 1.002637271383758799e+00
8.849026058966209530e+04 1.002703586804762237e+00
8.922554985701816622e+04 1.002771415218382645e+00
8.996730289072328014e+04 1.002839413301799487e+00
9.070194600179756526e+04 1.002906354382801402e+00
9.141705030205953517e+04 1.002971143424253864e+00
9.210131215503461135e+04 1.003032808504541240e+00
9.274440739298550761e+04 1.003090481150973767e+00
9.327345574292447418e+04 1.003137728136075824e+00
9.379602295139724447e+04 1.003184226589197703e+00
9.414877787513850490e+04 1.003215522250544112e+00
9.437987402610103891e+04 1.003235984980953122e+00
9.445746507805852161e+04 1.003242848446220359e+00
9.461264718197347247e+04 1.003256565023412428e+00
9.478117153606793727e+04 1.003271445366444414e+00
9.509601583313761512e+04 1.003299202512792698e+00
9.517652771953771298e+04 1.003306291674390893e+00
9.533755149233789416e+04 1.003320459319247737e+00
9.553705003756040242e+04 1.003337992597870931e+00
9.584052840412866499e+04 1.003364623304103587e+00
9.627680337556975428e+04 1.003402821947494417e+00
9.680479298279903014e+04 1.003448919954587959e+00
9.739093508713666233e+04 1.003499932841732667e+00
9.802894624721651780e+04 1.003555272959905764e+00
9.871896132048935397e+04 1.003614913250411522e+00
9.935948066024467698e+04 1.003670087990375492e+00
1.000000000000000000e+05 1.003725090036787559e+00
