# t  Nu
0.000000000000000000e+00 -1.000000000000002442e+00
1.000000000000000167e-06 -9.999999999999995559e-01
2.000000000000000333e-06 -1.000000000000004663e+00
3.000000000000000076e-06 -9.999999999999904521e-01
3.999999999999999819e-06 -9.999999999999278355e-01
6.000000000000000152e-06 -9.999999999996678213e-01
9.999999999999999124e-06 -9.999999999984832133e-01
1.799999999999999707e-05 -9.999999999934514605e-01
3.399999999999999973e-05 -9.999999999728781397e-01
6.600000000000000506e-05 -9.999999998897765030e-01
1.300000000000000157e-04 -9.999999995565441724e-01
2.368717604571729974e-04 -9.999999985068906971e-01
3.414509997973848884e-04 -9.999999968869792699e-01
4.405441066158559708e-04 -9.999999948154506546e-01
5.387840163002081961e-04 -9.999999922506784822e-01
6.357375515401086571e-04 -9.999999892247039002e-01
7.322768641441388619e-04 -9.999999857272282577e-01
8.292065935972917383e-04 -9.999999817331600704e-01
9.266968641638492765e-04 -9.999999772323483471e-01
1.024874365975781418e-03 -9.999999722135050062e-01
1.123871067113107417e-03 -9.999999666625311034e-01
1.223815159524566142e-03 -9.999999605629725785e-01
1.324862510448408803e-03 -9.999999538939710053e-01
1.427189971023006942e-03 -9.999999466300464324e-01
1.530986091580151037e-03 -9.999999387411805385e-01
1.636448693638043253e-03 -9.999999301927716688e-01
1.743783042421100105e-03 -9.999999209454237814e-01
1.853200938954439317e-03 -9.999999109548175502e-01
1.964920496060178386e-03 -9.999999001714724445e-01
2.079165838316093633e-03 -9.999998885405636528e-01
2.196166609462570085e-03 -9.999998760013846244e-01
2.316157211183570309e-03 -9.999998624873791542e-01
2.439375581038690389e-03 -9.999998479259658568e-01
2.566061187034460959e-03 -9.999998322383558680e-01
2.696451634023768265e-03 -9.999998153397908762e-01
2.830776752414390900e-03 -9.999997971402450059e-01
2.969248027798722378e-03 -9.999997775459738003e-01
3.112039157270325707e-03 -9.999997564626691426e-01
3.259249081369912631e-03 -9.999997338023033366e-01
3.410828955308411667e-03 -9.999997094972804534e-01
3.566431880207081816e-03 -9.999996835309159504e-01
3.725092888443441372e-03 -9.999996560039813298e-01
3.884544366795140893e-03 -9.999996272815183662e-01
4.039868441103742353e-03 -9.999995982915962367e-01
4.181524935620715283e-03 -9.999995709901197127e-01
4.310681949357546804e-03 -9.999995453862547956e-01
4.462062944596045626e-03 -9.999995145202703606e-01
4.634945917845819871e-03 -9.999994781493570795e-01
4.823639968111103661e-03 -9.999994371007273619e-01
5.025623102135983594e-03 -9.999993916136540317e-01
5.238529569170627745e-03 -9.999993419522796856e-01
5.461265040682106858e-03 -9.999992881353816365e-01
5.693676473182590278e-03 -9.999992299723402533e-01
5.935764919617563147e-03 -9.999991672315509117e-01
6.187490625094107903e-03 -9.999990996872342164e-01
6.448678804084288091e-03 -9.999990271482199766e-01
6.718956336467115341e-03 -9.999989494832940418e-01
6.997740508813463274e-03 -9.999988666352078726e-01
7.284236545495167622e-03 -9.999987786329748163e-01
7.577437499245108163e-03 -9.999986856039154715e-01
7.876127494591447786e-03 -9.999985877845470883e-01
8.178879689427483862e-03 -9.999984855329295819e-01
8.484037230352450484e-03 -9.999983793467746018e-01
8.789663806916127309e-03 -9.999982698928842062e-01
9.093449916054218568e-03 -9.999981580548674698e-01
9.392561372664053054e-03 -9.999980450067227356e-01
9.683416768715846432e-03 -9.999979323200172132e-01
9.961380248873776336e-03 -9.999978221120203736e-01
1.019314166362650723e-02 -9.999977315483500329e-01
1.039292927195823758e-02 -9.999976544181453653e-01
1.059553164249887360e-02 -9.999975770606308600e-01
1.080065920202499807e-02 -9.999974995927863874e-01
1.104437330169348759e-02 -9.999974086305355447e-01
1.132580100789135069e-02 -9.999973049950220405e-01
1.163235484914055054e-02 -9.999971937495570895e-01
1.195315292725271025e-02 -9.999970790921177688e-01
1.227616153120876692e-02 -9.999969653824848370e-01
1.255105650563776223e-02 -9.999968699307533182e-01
1.282837174112012521e-02 -9.999967748201439299e-01
1.311692975849092571e-02 -9.999966770657752191e-01
1.344496128596385336e-02 -9.999965673813157041e-01
1.379535949183694106e-02 -9.999964518455028983e-01
1.414782540159165679e-02 -9.999963372553036800e-01
1.449267102279916050e-02 -9.999962266587346660e-01
1.482344631164277116e-02 -9.999961219291705339e-01
1.513527849782250745e-02 -9.999960243673374771e-01
1.542362622837266557e-02 -9.999959351291779486e-01
1.568541265206585197e-02 -9.999958548984791973e-01
1.597541837790112176e-02 -9.999957668663361776e-01
1.629828079324872891e-02 -9.999956698747990425e-01
1.664755196082304614e-02 -9.999955661137992502e-01
1.701688840947154779e-02 -9.999954576629700442e-01
1.739463601675446738e-02 -9.999953480468856126e-01
1.776501733800775473e-02 -9.999952418051974989e-01
1.805849574966322466e-02 -9.999951584664511506e-01
1.835577562241310148e-02 -9.999950747856835020e-01
1.865026744429181677e-02 -9.999949926014535251e-01
1.899730666702153375e-02 -9.999948966354765822e-01
1.940081588667090517e-02 -9.999947862175986302e-01
1.984776907591859554e-02 -9.999946653234162985e-01
2.033002785274936816e-02 -9.999945364844956552e-01
2.084042578502577625e-02 -9.999944018742248364e-01
2.137331583307133798e-02 -9.999942631735909693e-01
2.192441909589048707e-02 -9.999941216328087634e-01
2.248949132430884054e-02 -9.999939784305652557e-01
2.306362123569904651e-02 -9.999938348507234620e-01
2.363979350380930600e-02 -9.999936926271147941e-01
2.419954352623556598e-02 -9.999935561803507955e-01
2.474068655551872609e-02 -9.999934258249053576e-01
2.529918479680294888e-02 -9.999932928344644756e-01
2.585222043507549861e-02 -9.999931626385198946e-01
2.638188785427549032e-02 -9.999930392915149513e-01
2.681657128250079097e-02 -9.999929390212183300e-01
2.718142509333911980e-02 -9.999928555078094750e-01
2.755510472144312439e-02 -9.999927705730604632e-01
2.797786683603519300e-02 -9.999926751954142379e-01
2.847574046431527658e-02 -9.999925638184974375e-01
2.903327717935471827e-02 -9.999924402765879572e-01
2.962301037390776409e-02 -9.999923109201859228e-01
3.022129307548572508e-02 -9.999921810335451466e-01
3.080772929336656960e-02 -9.999920549944788517e-01
3.136306078290396898e-02 -9.999919367714068530e-01
3.186606760304419583e-02 -9.999918306118273925e-01
3.235672617040409593e-02 -9.999917278831057521e-01
3.290472259592878285e-02 -9.999916140873732484e-01
3.350133864062443401e-02 -9.999914912909612097e-01
3.412188709095542727e-02 -9.999913647479721224e-01
3.466093134901502421e-02 -9.999912557769993215e-01
3.518608223099491811e-02 -9.999911504441820753e-01
3.576942007386359201e-02 -9.999910343757656417e-01
3.629975636634179964e-02 -9.999909296880595821e-01
3.688960735212293285e-02 -9.999908141629326730e-01
3.736503442932816166e-02 -9.999907217320621600e-01
3.785270604762192709e-02 -9.999906275409173873e-01
3.840922497899176835e-02 -9.999905208028970760e-01
3.905349320644357913e-02 -9.999903982109855649e-01
3.977125158622846907e-02 -9.999902628376834413e-01
4.053933811024294093e-02 -9.999901193380771325e-01
4.133985556011925133e-02 -9.999899712399835661e-01
4.216061684956008693e-02 -9.999898208995227078e-01
4.299299413690772786e-02 -9.999896699398471700e-01
4.382982730087274514e-02 -9.999895196586001678e-01
4.466357014101797474e-02 -9.999893713718071009e-01
4.551106148618211389e-02 -9.999892220699565515e-01
4.636005305525185693e-02 -9.999890739087909930e-01
4.717784429199263496e-02 -9.999889324861092055e-01
4.780989443248172266e-02 -9.999888240338492551e-01
4.845421528981352227e-02 -9.999887142208165880e-01
4.905792463355652250e-02 -9.999886119978119714e-01
4.969971874460251543e-02 -9.999885040209542941e-01
5.046298995267598647e-02 -9.999883765185196838e-01
5.132618090320110321e-02 -9.999882334910702442e-01
5.225659260068282047e-02 -9.999880806773020492e-01
5.321888835712718785e-02 -9.999879240639280020e-01
5.417364071752742150e-02 -9.999877700843943229e-01
5.491790043925648401e-02 -9.999876510019516385e-01
5.568511696626426977e-02 -9.999875290965107855e-01
5.651207040164679674e-02 -9.999873986440355189e-01
5.739990021066240095e-02 -9.999872596545666958e-01
5.815482652297645355e-02 -9.999871423220457745e-01
5.888004499573731149e-02 -9.999870303283049378e-01
5.971056770515476703e-02 -9.999869029227249628e-01
6.046532494817001557e-02 -9.999867879121994152e-01
6.122538102889507616e-02 -9.999866728228814505e-01
6.191079776842477872e-02 -9.999865696515132241e-01
6.272156435868155022e-02 -9.999864483513688507e-01
6.367703800201775233e-02 -9.999863064087414211e-01
6.473126295720198209e-02 -9.999861510325727121e-01
6.584473839205444434e-02 -9.999859882992998550e-01
6.691609541037368825e-02 -9.999858330238582393e-01
6.807770513833998061e-02 -9.999856660741027747e-01
6.926707426340023011e-02 -9.999854966124569478e-01
7.043608153332339694e-02 -9.999853314725603015e-01
7.156371610102020553e-02 -9.999851734790204949e-01
7.251361595867361620e-02 -9.999850413586963693e-01
7.334397092659909745e-02 -9.999849265783519181e-01
7.417715701373202297e-02 -9.999848120621218639e-01
7.501573056595911559e-02 -9.999846974567241364e-01
7.580554439711287285e-02 -9.999845901029428274e-01
7.677923870642733295e-02 -9.999844585258229612e-01
7.790481857893066797e-02 -9.999843074633569806e-01
7.909225245660167491e-02 -9.999841492825326528e-01
8.003635790859955912e-02 -9.999840243668410844e-01
8.100854024008113941e-02 -9.999838965082393782e-01
8.200690152405647193e-02 -9.999837660065955536e-01
8.319816446918572306e-02 -9.999836113286337813e-01
8.448287582022971642e-02 -9.999834457574686697e-01
8.574914435593306017e-02 -9.999832837959289344e-01
8.678858261574093347e-02 -9.999831517440097572e-01
8.783441517565861167e-02 -9.999830196798001891e-01
8.880759850461461546e-02 -9.999828974975755180e-01
8.977125516964393204e-02 -9.999827771725138259e-01
9.081637576211037954e-02 -9.999826474063473469e-01
9.203704469699765245e-02 -9.999824967882419147e-01
9.338950880799305743e-02 -9.999823310732364190e-01
9.479341979279683195e-02 -9.999821603233282064e-01
9.592785806305183238e-02 -9.999820232744097703e-01
9.711206213301167012e-02 -9.999818810792325818e-01
9.833204181643966091e-02 -9.999817354956839210e-01
9.945917201864953872e-02 -9.999816017962142034e-01
1.006559348472373938e-01 -9.999814606668127048e-01
1.018864253300876682e-01 -9.999813164352683303e-01
1.030514001351800907e-01 -9.999811806868804664e-01
1.042387525670815662e-01 -9.999810431212236006e-01
1.054027817654720062e-01 -9.999809090191785765e-01
1.066849927483802390e-01 -9.999807621589825724e-01
1.079393325619264210e-01 -9.999806193455567094e-01
1.093577175453546158e-01 -9.999804588536995720e-01
1.106538121687782594e-01 -9.999803131102030784e-01
1.119635386184336806e-01 -9.999801667015857376e-01
1.131847087486563680e-01 -9.999800309649179431e-01
1.144704234035404528e-01 -9.999798888456844503e-01
1.156954881137800123e-01 -9.999797541738684181e-01
1.168354720986215511e-01 -9.999796294965320742e-01
1.181281470942648348e-01 -9.999794888557123063e-01
1.194055376594309881e-01 -9.999793506341865257e-01
1.207951217173107578e-01 -9.999792011120994806e-01
1.224003679956546381e-01 -9.999790294533817958e-01
1.240585941370124512e-01 -9.999788533100861798e-01
1.257788005772318141e-01 -9.999786718261216567e-01
1.273294224757704207e-01 -9.999785092982410584e-01
1.288149305660030719e-01 -9.999783545245921612e-01
1.304210839578390513e-01 -9.999781881849780785e-01
1.318816495841123593e-01 -9.999780378132860914e-01
1.331641450331514376e-01 -9.999779064628491199e-01
1.344906547865418744e-01 -9.999777712707696997e-01
1.360644772932810831e-01 -9.999776117376502071e-01
1.378187802819905994e-01 -9.999774349956914721e-01
1.396617146032009815e-01 -9.999772505345756457e-01
1.411105438906638254e-01 -9.999771063764150147e-01
1.425576936462481514e-01 -9.999769631252363178e-01
1.442642216511323683e-01 -9.999767951320533976e-01
1.459840641550809448e-01 -9.999766268330704255e-01
1.476042001288345173e-01 -9.999764691985362219e-01
1.491426144388978969e-01 -9.999763203169822479e-01
1.508022196324558251e-01 -9.999761605679956533e-01
1.525304854908257346e-01 -9.999759951439950445e-01
1.544796199142843829e-01 -9.999758097021845815e-01
1.563451418603613030e-01 -9.999756333110032536e-01
1.580609043891903764e-01 -9.999754720101474703e-01
1.599277480399374785e-01 -9.999752975002830224e-01
1.616399714675756938e-01 -9.999751383404312799e-01
1.633324674640095620e-01 -9.999749818434741089e-01
1.649574692653164587e-01 -9.999748323511201686e-01
1.668671804177784546e-01 -9.999746576071435467e-01
1.686939251927033478e-01 -9.999744913907491206e-01
1.705535915914941636e-01 -9.999743231034458057e-01
1.724503587217799117e-01 -9.999741524040257623e-01
1.742363521109561164e-01 -9.999739925325402679e-01
1.760388349555955800e-01 -9.999738320162645522e-01
1.777532896466284540e-01 -9.999736801024550203e-01
1.795937537383384686e-01 -9.999735178386427448e-01
1.816636353822913275e-01 -9.999733363407290465e-01
1.836762559258612038e-01 -9.999731608552991924e-01
1.855920978247485864e-01 -9.999729947021345211e-01
1.875957750383468459e-01 -9.999728218489779552e-01
1.895509289197934155e-01 -9.999726540721026735e-01
1.914225871456994299e-01 -9.999724942715763065e-01
1.933568772439466787e-01 -9.999723299448237679e-01
1.951304060403292184e-01 -9.999721799987091320e-01
1.969061765114523410e-01 -9.999720305464434578e-01
1.988558056310733013e-01 -9.999718672379770412e-01
2.010796918926009702e-01 -9.999716819331331275e-01
2.029521844601086533e-01 -9.999715267038489230e-01
2.048369031549139851e-01 -9.999713711848754460e-01
2.067617026832027638e-01 -9.999712130975143554e-01
2.086145755000360369e-01 -9.999710616134813712e-01
2.107973228593823245e-01 -9.999708840226433360e-01
2.128324281513208072e-01 -9.999707192728561900e-01
2.147442910642858582e-01 -9.999705652184445182e-01
2.167747202728185218e-01 -9.999704023612957515e-01
2.187219533936645144e-01 -9.999702468942411882e-01
2.206814013487664039e-01 -9.999700911510356338e-01
2.229344410726360193e-01 -9.999699129262732411e-01
2.251869609000707873e-01 -9.999697356428575157e-01
2.269074393289450264e-01 -9.999696008323858409e-01
2.287206387549046982e-01 -9.999694593105291629e-01
2.306770454166666151e-01 -9.999693072406522498e-01
2.327174161005748365e-01 -9.999691493314991630e-01
2.350653695514325070e-01 -9.999689684738262141e-01
2.373085170120161347e-01 -9.999687965331697237e-01
2.394593633058996196e-01 -9.999686324314538410e-01
2.416590293184950611e-01 -9.999684653677585189e-01
2.439928827220000096e-01 -9.999682889441147138e-01
2.462454278730590307e-01 -9.999681194676933726e-01
2.485667990606223177e-01 -9.999679456244495723e-01
2.507141899454368716e-01 -9.999677855340510790e-01
2.529639787970636156e-01 -9.999676185457302413e-01
2.552750477153307163e-01 -9.999674477825821750e-01
2.574686370368692301e-01 -9.999672864157889141e-01
2.595151024793018735e-01 -9.999671364926431272e-01
2.615255940134227908e-01 -9.999669897813735497e-01
2.637679386526496361e-01 -9.999668268165675666e-01
2.660496215794825314e-01 -9.999666617042106687e-01
2.685718621386799509e-01 -9.999664800079128835e-01
2.710166680966507036e-01 -9.999663047046286612e-01
2.735192154285280286e-01 -9.999661260803578422e-01
2.759538459279096689e-01 -9.999659530886483294e-01
2.783603761755466532e-01 -9.999657828442515273e-01
2.806828230574481275e-01 -9.999656192467215599e-01
2.829141057682012517e-01 -9.999654627093538251e-01
2.854999623589773439e-01 -9.999652820687557897e-01
2.882282112400484930e-01 -9.999650923677972925e-01
2.910149958361620826e-01 -9.999648995237595539e-01
2.937564670686654833e-01 -9.999647107168404547e-01
2.967353190107256955e-01 -9.999645065600148985e-01
3.001022012983713960e-01 -9.999642770418085691e-01
3.037976553763145349e-01 -9.999640266052457482e-01
3.077747660220113146e-01 -9.999637587806308181e-01
3.120043676918024533e-01 -9.999634758490507647e-01
3.164644307272023727e-01 -9.999631795757516484e-01
3.211450618601041640e-01 -9.999628708926635579e-01
3.260426112253079767e-01 -9.999625503089476508e-01
3.311555298532999347e-01 -9.999622181927939613e-01
3.364835772390520341e-01 -9.999618748264852419e-01
3.420273336797836072e-01 -9.999615204400615909e-01
3.477880148358342138e-01 -9.999611552245034618e-01
3.537674834007402680e-01 -9.999607793320239857e-01
3.599682189250470454e-01 -9.999603928791875873e-01
3.663932628412950310e-01 -9.999599959514854364e-01
3.730461653220712437e-01 -9.999595886077236040e-01
3.799309360455846996e-01 -9.999591708840052107e-01
3.870520044186184228e-01 -9.999587427970123565e-01
3.944141900867425554e-01 -9.999583043466365728e-01
4.020226812264828253e-01 -9.999578555180588246e-01
4.098830185880294463e-01 -9.999573962833459007e-01
4.180010837883639807e-01 -9.999569266027368286e-01
4.263830907809776360e-01 -9.999564464258186014e-01
4.350355798287295350e-01 -9.999559556924602077e-01
4.439654135284469283e-01 -9.999554543336420798e-01
4.531797745434031355e-01 -9.999549422722149306e-01
4.626861647733757632e-01 -9.999544194234359917e-01
4.724924057360621599e-01 -9.999538856955535460e-01
4.826066399686467223e-01 -9.999533409903350600e-01
4.930373332905120254e-01 -9.999527852033543995e-01
5.037932777889939651e-01 -9.999522182244684476e-01
5.148835954104065138e-01 -9.999516399381064291e-01
5.263177420536044870e-01 -9.999510502236086396e-01
5.381055120715215745e-01 -9.999504489555222086e-01
5.502570430958447778e-01 -9.999498360038306943e-01
5.627828211032949168e-01 -9.999492112343070227e-01
5.756936856436924987e-01 -9.999485745087122179e-01
5.890008351540205744e-01 -9.999479256849969078e-01
6.027158322777215194e-01 -9.999472646175717738e-01
6.168506091086541909e-01 -9.999465911575866617e-01
6.314174722760669267e-01 -9.999459051531928155e-01
6.464291077807590158e-01 -9.999452064497927894e-01
6.618985854877847963e-01 -9.999444948902237451e-01
6.778393631748030890e-01 -9.999437703151330403e-01
6.942652900268785343e-01 -9.999430325632819860e-01
7.111906094616409213e-01 -9.999422814717956465e-01
7.286299611596961379e-01 -9.999415168765620754e-01
7.465983821654460506e-01 -9.999407386126002439e-01
7.651113069150554669e-01 -9.999399465143480326e-01
7.841845660387544159e-01 -9.999391404161577235e-01
8.038343837738459730e-01 -9.999383201527324294e-01
8.240773738172105789e-01 -9.999374855596129263e-01
8.449305334344078267e-01 -9.999366364736820278e-01
8.664112356333293352e-01 -9.999357727337199186e-01
8.885372192014012738e-01 -9.999348941809864666e-01
9.113265763929743191e-01 -9.999340006599195529e-01
9.347977380442827888e-01 -9.999330920188070904e-01
9.589694558804559010e-01 -9.999321681105209914e-01
9.838607817686493284e-01 -9.999312287932585752e-01
1.009491043655643017e+00 -9.999302739313824517e-01
1.035879817920599022e+00 -9.999293033963145838e-01
1.063046897860035589e+00 -9.999283170674639898e-01
1.091012258020199521e+00 -9.999273148332582517e-01
1.119796014090635117e+00 -9.999262965921412727e-01
1.149418378090342641e+00 -9.999252622537736501e-01
1.179899608607959172e+00 -9.999242117400976015e-01
1.211259955909271380e+00 -9.999231449865191301e-01
1.243519601821217790e+00 -9.999220619432085400e-01
1.276698594407210230e+00 -9.999209625763813003e-01
1.310816777627102470e+00 -9.999198468696492981e-01
1.345893716375914817e+00 -9.999187148252752788e-01
1.381948617545939229e+00 -9.999175664654342821e-01
1.419000248070324322e+00 -9.999164018335234827e-01
1.457066851206620495e+00 -9.999152209952107961e-01
1.496166062674046504e+00 -9.999140240394228663e-01
1.536314828586029968e+00 -9.999128110791427604e-01
1.577529327399176839e+00 -9.999115822520378005e-01
1.619824898311416961e+00 -9.999103377206165488e-01
1.663215978652439420e+00 -9.999090776723011942e-01
1.707716052758459835e+00 -9.999078023189137410e-01
1.753337614578885262e+00 -9.999065118958274656e-01
1.800092145900066498e+00 -9.999052066607398981e-01
1.847990111400219293e+00 -9.999038868919932765e-01
1.897040971056910941e+00 -9.999025528866214430e-01
1.947253209464043788e+00 -9.999012049579252270e-01
1.998634380655833764e+00 -9.998998434329049445e-01
2.051191166097123819e+00 -9.998984686494902796e-01
2.104929442544396068e+00 -9.998970809538241244e-01
2.159854355758477062e+00 -9.998956806975333178e-01
2.215970395483212396e+00 -9.998942682352104372e-01
2.273281466822427710e+00 -9.998928439222585229e-01
2.331790953058300531e+00 -9.998914081130106934e-01
2.391501765186994088e+00 -9.998899611594032066e-01
2.452416373982585274e+00 -9.998885034102942271e-01
2.514536820860618249e+00 -9.998870352113405913e-01
2.577864704799266438e+00 -9.998855569054221348e-01
2.642401143334371039e+00 -9.998840688336686489e-01
2.708146706689905425e+00 -9.998825713371812807e-01
2.775101325115274076e+00 -9.998810647592402123e-01
2.843264170324447893e+00 -9.998795494479200130e-01
2.912633513274554442e+00 -9.998780257591322052e-01
2.983206561247025324e+00 -9.998764940599674800e-01
3.054979278281878763e+00 -9.998749547321138520e-01
3.127946194101105526e+00 -9.998734081753087866e-01
3.202100207418626887e+00 -9.998718548107967674e-01
3.277432390580399701e+00 -9.998702950844027271e-01
3.353931803037264014e+00 -9.998687294693515693e-01
3.431585321799937471e+00 -9.998671584684459823e-01
3.510377497198310603e+00 -9.998655826156014337e-01
3.590290442171255592e+00 -9.998640024766405343e-01
3.671303762826894523e+00 -9.998624186491568144e-01
3.753394536696219586e+00 -9.998608317614530172e-01
3.836537343894581564e+00 -9.998592424704700887e-01
3.920704354053997864e+00 -9.998576514587771413e-01
4.005865469616097130e+00 -9.998560594306604710e-01
4.091988523406540956e+00 -9.998544671073325008e-01
4.179039525535796606e+00 -9.998528752215365412e-01
4.266982952539377649e+00 -9.998512845116840353e-01
4.355782069072655638e+00 -9.998496957156980391e-01
4.445399271275304542e+00 -9.998481095648331651e-01
4.535796440176413036e+00 -9.998465267776005527e-01
4.626935293140009620e+00 -9.998449480540541057e-01
4.718777722429203791e+00 -9.998433740706779149e-01
4.811286111299907020e+00 -9.998418054758528850e-01
4.904423619552916058e+00 -9.998402428861106195e-01
4.998154433121210438e+00 -9.998386868832077612e-01
5.092443973994690509e+00 -9.998371380119556173e-01
5.187259069174880111e+00 -9.998355967788885579e-01
5.282568079236317438e+00 -9.998340636516200863e-01
5.378340988353837560e+00 -9.998325390588620465e-01
5.474549459134222751e+00 -9.998310233910328026e-01
5.571166856086755992e+00 -9.998295170012689859e-01
5.668168242140881219e+00 -9.998280202068409173e-01
5.765530352788978519e+00 -9.998265332908770064e-01
5.863231552081386688e+00 -9.998250565042097193e-01
5.961251774715605301e+00 -9.998235900673404508e-01
6.059572457805501244e+00 -9.998221341725791467e-01
6.158176465610801564e+00 -9.998206889860871138e-01
6.257048009918232623e+00 -9.998192546499150568e-01
6.356172568395950684e+00 -9.998178312839466342e-01
6.455536802727936063e+00 -9.998164189877836172e-01
6.555128477955955546e+00 -9.998150178426234991e-01
6.654936384103224079e+00 -9.998136279128310155e-01
6.754950260870762335e+00 -9.998122492475560730e-01
6.855160725918165276e+00 -9.998108818821652699e-01
6.955559207153202195e+00 -9.998095258395859330e-01
7.056137879036160854e+00 -9.998081811315276957e-01
7.156889603196534111e+00 -9.998068477595989378e-01
7.257807873073895522e+00 -9.998055257163389609e-01
7.358886762614439192e+00 -9.998042149861343653e-01
7.460120878895895480e+00 -9.998029155460053108e-01
7.561505318370207007e+00 -9.998016273664093179e-01
7.663035626572839654e+00 -9.998003504119337137e-01
7.764707761149757914e+00 -9.997990846419385624e-01
7.866518057848946199e+00 -9.997978300111032279e-01
7.968463199368446048e+00 -9.997965864698868943e-01
8.070540186777643399e+00 -9.997953539650658028e-01
8.172746313361216153e+00 -9.997941324400677621e-01
8.275079140654682419e+00 -9.997929218353748260e-01
8.377536476499285456e+00 -9.997917220888850043e-01
8.480116354964360781e+00 -9.997905331361742753e-01
8.582817017977939500e+00 -9.997893549107919053e-01
8.685636898496701619e+00 -9.997881873445066958e-01
8.788574605090875735e+00 -9.997870303675286952e-01
8.891628907904975065e+00 -9.997858839087492289e-01
8.994798725690605679e+00 -9.997847478958190592e-01
9.098083114025916629e+00 -9.997836222554195018e-01
9.201481254533979026e+00 -9.997825069133536857e-01
9.304992444891215797e+00 -9.997814017947049825e-01
9.408616089840935004e+00 -9.997803068239603519e-01
9.512351692841903628e+00 -9.997792219251273593e-01
9.616198848474157401e+00 -9.997781470218033428e-01
9.720157235457739020e+00 -9.997770820372574585e-01
9.824226610283004035e+00 -9.997760268945459217e-01
9.928406801378388380e+00 -9.997749815165727361e-01
1.003269770372772740e+01 -9.997739458261375445e-01
1.013709927399605881e+01 -9.997729197460708539e-01
1.024161152605820746e+01 -9.997719031992216010e-01
1.034623452685871747e+01 -9.997708961084853518e-01
1.045096839270355460e+01 -9.997698983968934527e-01
1.055581328582282374e+01 -9.997689099876714280e-01
1.066076941124198285e+01 -9.997679308042274338e-01
1.076583701391697723e+01 -9.997669607702075467e-01
1.087101637614279959e+01 -9.997659998095207445e-01
1.097630781520004106e+01 -9.997650478463825374e-01
1.108171168116707328e+01 -9.997641048053249602e-01
1.118722835498050650e+01 -9.997631706111852479e-01
1.129285824663804227e+01 -9.997622451891386985e-01
1.139860179364108994e+01 -9.997613284647814957e-01
1.150445945951345372e+01 -9.997604203640974019e-01
1.161043173248122251e+01 -9.997595208134690825e-01
1.171651912430656495e+01 -9.997586297396717780e-01
1.182272216923876229e+01 -9.997577470699121616e-01
1.192904142311610372e+01 -9.997568727318454362e-01
1.203547746247993899e+01 -9.997560066535577938e-01
1.214203088387085572e+01 -9.997551487635951695e-01
1.224870230317979569e+01 -9.997542989909649069e-01
1.235549235511822985e+01 -9.997534572651047835e-01
1.246240169268658349e+01 -9.997526235159729380e-01
1.256943098683070836e+01 -9.997517976739835888e-01
1.267658092608475506e+01 -9.997509796700008167e-01
1.278385221627580925e+01 -9.997501694353612134e-01
1.289124558033399026e+01 -9.997493669019140716e-01
1.299876175816240043e+01 -9.997485720019492206e-01
1.310640150646822377e+01 -9.997477846682591984e-01
1.321416559876102426e+01 -9.997470048341026150e-01
1.332205482530254415e+01 -9.997462324332384576e-01
1.343006999317824857e+01 -9.997454673999003338e-01
1.353821192633004244e+01 -9.997447096687830381e-01
1.364648146566781861e+01 -9.997439591750777454e-01
1.375487946925073146e+01 -9.997432158544777847e-01
1.386340681240426065e+01 -9.997424796431114702e-01
1.397206438797114814e+01 -9.997417504776396902e-01
1.408085310654152877e+01 -9.997410282951533222e-01
1.418977389668217093e+01 -9.997403130332308541e-01
1.429882770525962243e+01 -9.997396046299238392e-01
1.440801549776535495e+01 -9.997389030237586738e-01
1.451733825862109306e+01 -9.997382081537152798e-01
1.462679699152599966e+01 -9.997375199592669626e-01
1.473639271990124833e+01 -9.997368383803267866e-01
1.484612648725742901e+01 -9.997361633572909856e-01
1.495599935757409327e+01 -9.997354948309908895e-01
1.506601241579170924e+01 -9.997348327427159065e-01
1.517616676827469924e+01 -9.997341770342144107e-01
1.528646354324217427e+01 -9.997335276476939647e-01
1.539690389130078785e+01 -9.997328845258119934e-01
1.550748898590189917e+01 -9.997322476116924372e-01
1.561822002391340369e+01 -9.997316168488932231e-01
1.572909822613537933e+01 -9.997309921813772871e-01
1.584012483783692282e+01 -9.997303735535782998e-01
1.595130112933860467e+01 -9.997297609103578120e-01
1.606262839658567643e+01 -9.997291541969958173e-01
1.617410796172831056e+01 -9.997285533592495943e-01
1.628574117377128161e+01 -9.997279583432762129e-01
1.639752940911336054e+01 -9.997273690956481884e-01
1.650947407221800844e+01 -9.997267855633807931e-01
1.662157659629007966e+01 -9.997262076938815412e-01
1.673383844386652797e+01 -9.997256354350074758e-01
1.684626110752826378e+01 -9.997250687350147658e-01
1.695884611056273172e+01 -9.997245075425603700e-01
1.707159500763550142e+01 -9.997239518067442265e-01
1.718450938553709051e+01 -9.997234014770487454e-01
1.729759086386593836e+01 -9.997228565033752234e-01
1.741084109574793004e+01 -9.997223168360284129e-01
1.752426176861105134e+01 -9.997217824257088603e-01
1.763785460490117885e+01 -9.997212532235022486e-01
1.775162136286962067e+01 -9.997207291808968277e-01
1.786556383734377462e+01 -9.997202102497549925e-01
1.797968386052118817e+01 -9.997196963823196114e-01
1.809398330277613809e+01 -9.997191875312776421e-01
1.820846407344643936e+01 -9.997186836496971818e-01
1.832312812173309524e+01 -9.997181846910131453e-01
1.843797743744589113e+01 -9.997176906090337045e-01
1.855301405193601738e+01 -9.997172013579502803e-01
1.866824003898592110e+01 -9.997167168923306591e-01
1.878365751560133035e+01 -9.997162371671024506e-01
1.889926864301500231e+01 -9.997157621375676317e-01
1.901507562757513981e+01 -9.997152917594396282e-01
1.913108072165987750e+01 -9.997148259887798094e-01
1.924728622462927063e+01 -9.997143647820035950e-01
1.936369448385307024e+01 -9.997139080958837853e-01
1.948030789562595189e+01 -9.997134558875638843e-01
1.959712890622952131e+01 -9.997130081145690905e-01
1.971416001293989240e+01 -9.997125647347555599e-01
1.983140376504169922e+01 -9.997121257063444899e-01
1.994886276495722299e+01 -9.997116909879116831e-01
2.006653966926064214e+01 -9.997112605383650097e-01
2.018443718986588564e+01 -9.997108343169879285e-01
2.030255809510197906e+01 -9.997104122834208351e-01
2.042090521088010391e+01 -9.997099943976347491e-01
2.053948142186022352e+01 -9.997095806199437495e-01
2.065828967267615468e+01 -9.997091709110109692e-01
2.077733296916667527e+01 -9.997087652318172868e-01
2.089661437959180290e+01 -9.997083635436931903e-01
2.101613703595750593e+01 -9.997079658083068976e-01
2.113590413530840095e+01 -9.997075719876685751e-01
2.125591894102633361e+01 -9.997071820441085777e-01
2.137618478428242952e+01 -9.997067959403046489e-01
2.149670506536867975e+01 -9.997064136392711520e-01
2.161748325514526314e+01 -9.997060351043267623e-01
2.173852289652769088e+01 -9.997056602991268859e-01
2.185982760594824370e+01 -9.997052891876517799e-01
2.198140107492285011e+01 -9.997049217342007799e-01
2.210324707160385671e+01 -9.997045579033944085e-01
2.222536944239214307e+01 -9.997041976601792612e-01
2.234777211358345639e+01 -9.997038409698131289e-01
2.247045909306769218e+01 -9.997034877978644429e-01
2.259343447203420041e+01 -9.997031381102062797e-01
2.271670242675704188e+01 -9.997027918730488905e-01
2.284026722043837054e+01 -9.997024490529085039e-01
2.296413320501972777e+01 -9.997021096166336385e-01
2.308830482311345733e+01 -9.997017735313316056e-01
2.321278660996578580e+01 -9.997014407644219114e-01
2.333758319548451610e+01 -9.997011112836418079e-01
2.346269930624508504e+01 -9.997007850570147625e-01
2.358813976765273779e+01 -9.997004620528902041e-01
2.371390950613627169e+01 -9.997001422398995585e-01
2.384001355126701682e+01 -9.996998255869623540e-01
2.396645703817282325e+01 -9.996995120632967691e-01
2.409324520980691986e+01 -9.996992016384305124e-01
2.422038341939695982e+01 -9.996988942821735113e-01
2.434787713289317779e+01 -9.996985899646554374e-01
2.447573193154936533e+01 -9.996982886562707504e-01
2.460395351447648693e+01 -9.996979903277232182e-01
2.473254770140073688e+01 -9.996976949499798426e-01
2.486152043538018575e+01 -9.996974024942845150e-01
2.499087778563583839e+01 -9.996971129321642335e-01
2.512062595048298164e+01 -9.996968262354601897e-01
2.525077126036530117e+01 -9.996965423762858016e-01
2.538132018086134778e+01 -9.996962613270267139e-01
2.551227931589468767e+01 -9.996959830603522335e-01
2.564365541103096291e+01 -9.996957075492008959e-01
2.577545535673577959e+01 -9.996954347667978968e-01
2.590768619194566114e+01 -9.996951646866032437e-01
2.604035510748676430e+01 -9.996948972823836987e-01
2.617346944989415292e+01 -9.996946325282033419e-01
2.630703672500128931e+01 -9.996943703983423024e-01
2.644106460190529617e+01 -9.996941108673674803e-01
2.657556091696623213e+01 -9.996938539101394294e-01
2.671053367786228705e+01 -9.996935995017575127e-01
2.684599106783997868e+01 -9.996933476175980937e-01
2.698194145007291311e+01 -9.996930982333017690e-01
2.711839337214489021e+01 -9.996928513247865800e-01
2.725535557066674386e+01 -9.996926068682273625e-01
2.739283697606106216e+01 -9.996923648400465323e-01
2.753084671743988210e+01 -9.996921252169344019e-01
2.766939412769194107e+01 -9.996918879758365239e-01
2.780848874867299259e+01 -9.996916530939541357e-01
2.794814033666230557e+01 -9.996914205487432703e-01
2.808835886783753466e+01 -9.996911903179239722e-01
2.822915454398393820e+01 -9.996909623794751898e-01
2.837053779855475355e+01 -9.996907367116067977e-01
2.851251930256242773e+01 -9.996905132928054494e-01
2.865510997104465929e+01 -9.996902921018152588e-01
2.879832096948784326e+01 -9.996900731176199262e-01
2.894216372054281550e+01 -9.996898563194634990e-01
2.908664991096076946e+01 -9.996896416868298330e-01
2.923179149880014904e+01 -9.996894291994579129e-01
2.937760072080975249e+01 -9.996892188373378563e-01
2.952409010002207168e+01 -9.996890105807303417e-01
2.967127245373567490e+01 -9.996888044100927795e-01
2.981916090173725209e+01 -9.996886003061604686e-01
2.996776887457838967e+01 -9.996883982499044086e-01
3.011711012255962672e+01 -9.996881982225624963e-01
3.026719872465001160e+01 -9.996880002056255377e-01
3.041804909790599964e+01 -9.996878041808059390e-01
3.056967600716572164e+01 -9.996876101300860018e-01
3.072209457514183129e+01 -9.996874180356696282e-01
3.087532029283131152e+01 -9.996872278800182920e-01
3.102936903026391846e+01 -9.996870396458382713e-01
3.118425704779122754e+01 -9.996868533160854220e-01
3.134000100758719043e+01 -9.996866688739324269e-01
3.149661798579798244e+01 -9.996864863028214199e-01
3.165412548491141109e+01 -9.996863055864497749e-01
3.181254144685103924e+01 -9.996861267087634451e-01
3.197188426635858960e+01 -9.996859496539227674e-01
3.213217280495585015e+01 -9.996857744063614160e-01
3.229342640550716936e+01 -9.996856009507365526e-01
3.245566490730597309e+01 -9.996854292719734580e-01
3.261890866185526505e+01 -9.996852593552207900e-01
3.278317854893926864e+01 -9.996850911859010980e-01
3.294849599390066430e+01 -9.996849247496649715e-01
3.311488298511688555e+01 -9.996847600323819361e-01
3.328236209240738219e+01 -9.996845970202118403e-01
3.345095648636843322e+01 -9.996844356995377989e-01
3.362068995807200622e+01 -9.996842760569909503e-01
3.379158694012578934e+01 -9.996841180794682202e-01
3.396367252823538507e+01 -9.996839617540828060e-01
3.413697250382841020e+01 -9.996838070682195765e-01
3.431151335785558842e+01 -9.996836540095247470e-01
3.448732231519785785e+01 -9.996835025658961094e-01
3.466442736066772312e+01 -9.996833527254548324e-01
3.484285726581893528e+01 -9.996832044766080783e-01
3.502264161715632440e+01 -9.996830578079851648e-01
3.520381084545595485e+01 -9.996829127084770894e-01
3.538639625675923384e+01 -9.996827691672310889e-01
3.557043006453225331e+01 -9.996826271736742875e-01
3.575594542340359538e+01 -9.996824867174746165e-01
3.594297646455899553e+01 -9.996823477885424802e-01
3.613155833307312292e+01 -9.996822103770444112e-01
3.632172722646857466e+01 -9.996820744734232767e-01
3.651352043590777896e+01 -9.996819400683887302e-01
3.670697638880762526e+01 -9.996818071529142147e-01
3.690213469414122471e+01 -9.996816757182447333e-01
3.709903618953613602e+01 -9.996815457558789753e-01
3.729772299133956892e+01 -9.996814172575726465e-01
3.749823854677143231e+01 -9.996812902153733305e-01
3.770062768915362028e+01 -9.996811646215902902e-01
3.790493669617870154e+01 -9.996810404688263318e-01
3.811121335097038809e+01 -9.996809177499321741e-01
3.831950700649232289e+01 -9.996807964580682881e-01
3.852986865417731366e+01 -9.996806765866576017e-01
3.874235099534409699e+01 -9.996805581293933818e-01
3.895700851752785354e+01 -9.996804410802766494e-01
3.917389757468649947e+01 -9.996803254335847599e-01
3.939307647213361463e+01 -9.996802111838823945e-01
3.961460555660978855e+01 -9.996800983260439866e-01
3.983854731152628403e+01 -9.996799868552217472e-01
4.006496645782192445e+01 -9.996798767668830799e-01
4.029393006102920793e+01 -9.996797680567859334e-01
4.052550764521667048e+01 -9.996796607209968988e-01
4.075977131336436088e+01 -9.996795547559013118e-01
4.099679587580185824e+01 -9.996794501582024761e-01
4.123665898669914753e+01 -9.996793469249167785e-01
4.147944128925389151e+01 -9.996792450534003338e-01
4.172522657044780914e+01 -9.996791445413282240e-01
4.197410192615652846e+01 -9.996790453867107074e-01
4.222615793704451193e+01 -9.996789475878825604e-01
4.248148885645228745e+01 -9.996788511435521496e-01
4.274019281183310426e+01 -9.996787560527671257e-01
4.300237201892082339e+01 -9.996786623149265250e-01
4.326813301249774213e+01 -9.996785699298159633e-01
4.353758689318445363e+01 -9.996784788975772162e-01
4.381084959120587996e+01 -9.996783892187434128e-01
4.408804215136180460e+01 -9.996783008942193849e-01
4.436929103790089357e+01 -9.996782139253335142e-01
4.465472846379109484e+01 -9.996781283138052032e-01
4.494449274349820911e+01 -9.996780440617867303e-01
4.523872867561852473e+01 -9.996779611718774605e-01
4.553758795476825583e+01 -9.996778796471094131e-01
4.584122961605508095e+01 -9.996777994909564757e-01
4.614982051758769899e+01 -9.996777207073939131e-01
4.646353586194246787e+01 -9.996776433008728313e-01
4.678255976242761704e+01 -9.996775672763866805e-01
4.710708585783192603e+01 -9.996774926394205174e-01
4.743731798094837160e+01 -9.996774193960320520e-01
4.777347088709058909e+01 -9.996773475528392128e-01
4.811577104813694206e+01 -9.996772771170471250e-01
4.846445752012568420e+01 -9.996772080964846374e-01
4.881978289228474921e+01 -9.996771404996160904e-01
4.918201432669022211e+01 -9.996770743356075961e-01
4.955143470006261452e+01 -9.996770096143475781e-01
4.992834385755416093e+01 -9.996769463464575400e-01
5.031305999495359060e+01 -9.996768845433554596e-01
5.070592118318404573e+01 -9.996768242173088570e-01
5.110728705300365249e+01 -9.996767653814807586e-01
5.151754066238586205e+01 -9.996767080499807667e-01
5.193709056706211413e+01 -9.996766522379324504e-01
5.236637312588452886e+01 -9.996765979615258590e-01
5.280585506922231076e+01 -9.996765452381223271e-01
5.325603636868892465e+01 -9.996764940863299698e-01
5.371745345275601125e+01 -9.996764445260907239e-01
5.419068281642471874e+01 -9.996763965787804906e-01
5.467634508564690776e+01 -9.996763502673264856e-01
5.517510960650909624e+01 -9.996763056163808780e-01
5.568769964062264677e+01 -9.996762626524292594e-01
5.621489826684913993e+01 -9.996762214039954797e-01
5.675755510495859824e+01 -9.996761819018259443e-01
5.731659400127648496e+01 -9.996761441791058855e-01
5.789302184769631765e+01 -9.996761082717110503e-01
5.848793873445312386e+01 -9.996760742185019089e-01
5.910254968813907084e+01 -9.996760420616778164e-01
5.973817829743457253e+01 -9.996760118471520462e-01
6.039628259685535738e+01 -9.996759836250075359e-01
6.107847367318301224e+01 -9.996759574500398982e-01
6.178653756450447787e+01 -9.996759333823758142e-01
6.252246117282328441e+01 -9.996759114881959007e-01
6.328846309173265894e+01 -9.996758918406223327e-01
6.408703050684353286e+01 -9.996758745207237062e-01
6.492096363593341835e+01 -9.996758596188087820e-01
6.579342962688927798e+01 -9.996758472359033032e-01
6.670802838777325405e+01 -9.996758374856024032e-01
6.766887364357359047e+01 -9.996758304963202502e-01
6.868069357148470999e+01 -9.996758264140970240e-01
6.974895690870985732e+01 -9.996758254060938986e-01
7.088003255819353399e+01 -9.996758276649950758e-01
7.208139379274398095e+01 -9.996758334146472746e-01
7.336188264655979197e+01 -9.996758429173412397e-01
7.473205673040328634e+01 -9.996758564833476690e-01
7.620465075882889039e+01 -9.996758744835828603e-01
7.779520062600592212e+01 -9.996758973667320136e-01
7.952290243556835492e+01 -9.996759256827362217e-01
8.141181879324491888e+01 -9.996759601158068387e-01
8.349261142587914719e+01 -9.996760015317642800e-01
8.580509452728654196e+01 -9.996760510477926687e-01
8.840211038077906380e+01 -9.996761101382842796e-01
9.135561725537620248e+01 -9.996761808011443984e-01
9.476664597798723833e+01 -9.996762658298891102e-01
9.878238748374221245e+01 -9.996763692810500812e-01
1.036272917762356087e+02 -9.996764973257837861e-01
1.096639780661785721e+02 -9.996766599204091053e-01
1.175244467859520796e+02 -9.996768744112042304e-01
1.284321496585327225e+02 -9.996771743982844072e-01
1.451650080009405031e+02 -9.996776362773255320e-01
1.762178468554307358e+02 -9.996784940303957701e-01
2.383235245644112297e+02 -9.996802079756659243e-01
3.535639311047710294e+02 -9.996833825975400822e-01
5.840447441854906856e+02 -9.996897112221735382e-01
1.045006370346929998e+03 -9.997022886837976241e-01
1.966929622669808396e+03 -9.997271418289056522e-01
3.810776127315565645e+03 -9.997757745383699657e-01
7.498469136607080145e+03 -9.998697338903532739e-01
1.487385515519010733e+04 -1.000051485530187412e+00
2.962462719235616532e+04 -1.000444619261750878e+00
5.912617126668828132e+04 -1.002448592733045984e+00
1.000000000000000000e+05 -9.976147612034856893e-01
