# t  Nu
0.000000000000000000e+00 1.000000000000002442e+00
1.000000000000000167e-06 1.000000000000002220e+00
2.000000000000000333e-06 1.000000000000003553e+00
3.000000000000000076e-06 9.999999999999891198e-01
3.999999999999999819e-06 9.999999999999265032e-01
6.000000000000000152e-06 9.999999999996693756e-01
9.999999999999999124e-06 9.999999999984845456e-01
1.799999999999999707e-05 9.999999999934525707e-01
3.399999999999999973e-05 9.999999999728514943e-01
6.600000000000000506e-05 9.999999998895426900e-01
1.300000000000000157e-04 9.999999995546388076e-01
2.579999999999999828e-04 9.999999982118457087e-01
5.139999999999999170e-04 9.999999928349326828e-01
1.026000000000000002e-03 9.999999713197369466e-01
2.049999999999999739e-03 9.999998852742153499e-01
4.097999999999999213e-03 9.999995413653186560e-01
8.193999999999999895e-03 9.999981682061580557e-01
1.638599999999999779e-02 9.999926958013084510e-01
2.688360127146669637e-02 9.999804120863172718e-01
3.685628070980485893e-02 9.999633073852781662e-01
4.645826383874718246e-02 9.999418827378239172e-01
5.587845257553572531e-02 9.999161845970446771e-01
6.511552835922904126e-02 9.998865281388708004e-01
7.425764618466589029e-02 9.998528702960343129e-01
8.334886719401010668e-02 9.998151898844758190e-01
9.239609076386676167e-02 9.997735610539937312e-01
1.014046000915447276e-01 9.997280518557070117e-01
1.103788342145434059e-01 9.996787238951473364e-01
1.193241870642280933e-01 9.996256234627096671e-01
1.282485730707151328e-01 9.995687694450997585e-01
1.371615420500099658e-01 9.995081544467471213e-01
1.460736965810137677e-01 9.994437460319233191e-01
1.549964799128794868e-01 9.993754865618922345e-01
1.639420296559777057e-01 9.993032930050219642e-01
1.729231254430872444e-01 9.992270562569022241e-01
1.819531725028423752e-01 9.991466402088656773e-01
1.910461785370598520e-01 9.990618808550625340e-01
2.002167237424613278e-01 9.989725854502889968e-01
2.094799256938734699e-01 9.988785317118953344e-01
2.188514005634149273e-01 9.987794670580846246e-01
2.283472222584236044e-01 9.986751078697702066e-01
2.379838788250514259e-01 9.985651387855964956e-01
2.477782230333625546e-01 9.984492120735156684e-01
2.577474107985984753e-01 9.983269471754777635e-01
2.679088152289791913e-01 9.981979306221130388e-01
2.782798927742136663e-01 9.980617167125312994e-01
2.888779547193190411e-01 9.979178297648598761e-01
2.997197465861430321e-01 9.977657696458405168e-01
3.108206194860819171e-01 9.976050244100197473e-01
3.221927763029255321e-01 9.974350992961279472e-01
3.338412295636538074e-01 9.972555866068317787e-01
3.457534235075711559e-01 9.970663496781161372e-01
3.578686218583138068e-01 9.968680736716767354e-01
3.699709712026925668e-01 9.966642100634049983e-01
3.812591226742515493e-01 9.964688865396285067e-01
3.935215579021691945e-01 9.962510989604195233e-01
4.068601020847266714e-01 9.960076360036960175e-01
4.209139152358865044e-01 9.957437948581514542e-01
4.356017541480914357e-01 9.954601075788507281e-01
4.508697433869769400e-01 9.951567060845566415e-01
4.667014336721555523e-01 9.948330494414496794e-01
4.831256729942370876e-01 9.944876544789666983e-01
5.001796539331196945e-01 9.941187725696298827e-01
5.179014505116941169e-01 9.937245294554580832e-01
5.363303268106995869e-01 9.933029115717294522e-01
5.555058012060544170e-01 9.928517807042366305e-01
5.754679656851202640e-01 9.923688614620470583e-01
5.962572721875801784e-01 9.918517409626194103e-01
6.179130025079683231e-01 9.912979036185985970e-01
6.404703246734512190e-01 9.907048104451215975e-01
6.639551856019190179e-01 9.900700514404346952e-01
6.883757725333258248e-01 9.893916193860637920e-01
7.137087088851946648e-01 9.886683784873340208e-01
7.398778381791382142e-01 9.879008228118075774e-01
7.667246768805486834e-01 9.870921952480290473e-01
7.939746662880728945e-01 9.862498811939063303e-01
8.212133327106299063e-01 9.853866323534018479e-01
8.478933045824179615e-01 9.845208428051777094e-01
8.733760373836260138e-01 9.836755347672606620e-01
8.942631214589151778e-01 9.829940329023494350e-01
9.120025276428324057e-01 9.824230386718336705e-01
9.300857802947994912e-01 9.818481304614160576e-01
9.488344413920384302e-01 9.812594646024364042e-01
9.708036688802350600e-01 9.805789518152691064e-01
9.952709629967680938e-01 9.798324313265417418e-01
1.020497262017923124e+00 9.790748483681810388e-01
1.041084492430762509e+00 9.784653857693139667e-01
1.061551201585791970e+00 9.778670720277867767e-01
1.085795689961137844e+00 9.771677682803051601e-01
1.113793201773204844e+00 9.763725064692612143e-01
1.144569198167633362e+00 9.755129396876439651e-01
1.177317066022239178e+00 9.746144185215653843e-01
1.211487129464291490e+00 9.736938344795555977e-01
1.246786426488329047e+00 9.727602161507629130e-01
1.283046269145293738e+00 9.718187749834216183e-01
1.320108922070294177e+00 9.708740845852233958e-01
1.357769815387615653e+00 9.699315584005330226e-01
1.395734095313823975e+00 9.689984257763992748e-01
1.433573818437539060e+00 9.680845962728318321e-01
1.470681275008489441e+00 9.672035429115030114e-01
1.506220679563956555e+00 9.663731750774263718e-01
1.534970279899610324e+00 9.657107508138400576e-01
1.558821982152660324e+00 9.651673024844260596e-01
1.583379939651308410e+00 9.646133993879341118e-01
1.610506633737593507e+00 9.640080267203425812e-01
1.643205322131582991e+00 9.632870691344884717e-01
1.681158416256321342e+00 9.624618872716600437e-01
1.723058137631398479e+00 9.615648959942268981e-01
1.767942963768448283e+00 9.606196812945363428e-01
1.815062620840642404e+00 9.596441658879893977e-01
1.863864254831432143e+00 9.586511921562770322e-01
1.913935585558119268e+00 9.576499919895914426e-01
1.964891570094678075e+00 9.566486591252129079e-01
2.016257788062040479e+00 9.556564586216670376e-01
2.067317196601072382e+00 9.546866096805735058e-01
2.117549368587953840e+00 9.537478342544719601e-01
2.166738662749450040e+00 9.528427610000406167e-01
2.214056404959821478e+00 9.519849228272930786e-01
2.253506566571124026e+00 9.512790127221716352e-01
2.286985222036563847e+00 9.506863997856873638e-01
2.321131527496425928e+00 9.500879047938776134e-01
2.355904957493232921e+00 9.494844307337165779e-01
2.397431895709136729e+00 9.487714979808301585e-01
2.444912034710670756e+00 9.479664070493436512e-01
2.495000416267420196e+00 9.471283667792927963e-01
2.544410498406343812e+00 9.463126793949853122e-01
2.589640976798509797e+00 9.455752963413025514e-01
2.637152073189843460e+00 9.448100314219023410e-01
2.688476297043448149e+00 9.439937408679411890e-01
2.741868665744145339e+00 9.431556738924049554e-01
2.794924003196561646e+00 9.423337938409308556e-01
2.842862407609783038e+00 9.416002604113598018e-01
2.889310216577481327e+00 9.408975349639305819e-01
2.942152745484380993e+00 9.401073700313620218e-01
2.993265694970324020e+00 9.393522467989600111e-01
3.046332281480963466e+00 9.385775510827660817e-01
3.092115045836997478e+00 9.379166057421546299e-01
3.138453378147244788e+00 9.372544628534521527e-01
3.181232543652768641e+00 9.366491356024072568e-01
3.232432454164579916e+00 9.359319925966133047e-01
3.292659965036774938e+00 9.350983767213723041e-01
3.359323407809521989e+00 9.341879017961860487e-01
3.430824792670552181e+00 9.332251932697185337e-01
3.505528820984794791e+00 9.322341821229719327e-01
3.582070229348332635e+00 9.312339922275854054e-01
3.659357429570154085e+00 9.302391521476377489e-01
3.736263398391246771e+00 9.292637883701592161e-01
3.811461505991413201e+00 9.283236941814748677e-01
3.883257628983752152e+00 9.274383090226794302e-01
3.939570560040265068e+00 9.267519717019293557e-01
3.990972035340472956e+00 9.261315699884784536e-01
4.041640755552673880e+00 9.255255654156328005e-01
4.092629034286449752e+00 9.249211922664130059e-01
4.154566548370458356e+00 9.241942352896899138e-01
4.225877577196816226e+00 9.233668153391975109e-01
4.303539422559556904e+00 9.224770425459696277e-01
4.387993361897461142e+00 9.215224950725722231e-01
4.476015875932575661e+00 9.205416564281546643e-01
4.565124911639954597e+00 9.195628774192081689e-01
4.653663131445978429e+00 9.186040671138853142e-01
4.739850165877506072e+00 9.176834551200433454e-01
4.821701607929429478e+00 9.168204657178683492e-01
4.885390961814013444e+00 9.161564091385611119e-01
4.950113293021169092e+00 9.154881023572737364e-01
5.012296081475855480e+00 9.148520833393961604e-01
5.070034259593053427e+00 9.142667456674937743e-01
5.131077325009797185e+00 9.136532679867209739e-01
5.206638885185407517e+00 9.129013614779967201e-01
5.294137492273944368e+00 9.120407797276758322e-01
5.389820115933149580e+00 9.111118161290673312e-01
5.490944070858498449e+00 9.101434090982105651e-01
5.594257371116890809e+00 9.091678493628286839e-01
5.697880699043063046e+00 9.082029954478726408e-01
5.800410887310547992e+00 9.072613877844249997e-01
5.898990667638007501e+00 9.063679899573847676e-01
5.978517523466771344e+00 9.056555873338926199e-01
6.049031382320023909e+00 9.050300084928853961e-01
6.116028241911778629e+00 9.044408298375929967e-01
6.194388151905760864e+00 9.037580270045428854e-01
6.265231321618956351e+00 9.031464703583049758e-01
6.351128720434417119e+00 9.024121336850092767e-01
6.452432602635009395e+00 9.015559810032691690e-01
6.560058282674550156e+00 9.006578626808935395e-01
6.668628476562855845e+00 8.997635385911967321e-01
6.758292860532165491e+00 8.990335928485027051e-01
6.845816506363170184e+00 8.983284542973216658e-01
6.924176768454138653e+00 8.977032090309909895e-01
7.003242418440280836e+00 8.970780389681799472e-01
7.092467150434525358e+00 8.963792941339294718e-01
7.183767028306682789e+00 8.956715727973778574e-01
7.268466547853878801e+00 8.950214743242261850e-01
7.364757934021485930e+00 8.942898090038234882e-01
7.457920294063900890e+00 8.935892786948309574e-01
7.550708950680147247e+00 8.928986159689221713e-01
7.661541236813342870e+00 8.920826888599714399e-01
7.784605140499575526e+00 8.911879967153034654e-01
7.912968033908189369e+00 8.902671368591209555e-01
8.042541915721557189e+00 8.893500798253913819e-01
8.168644505453281468e+00 8.884693543243598057e-01
8.268943111465860696e+00 8.877769606341413544e-01
8.370677435286065560e+00 8.870818474812682819e-01
8.463693656264528187e+00 8.864525271541420226e-01
8.571543390268358209e+00 8.857301529280985353e-01
8.662398452697159357e+00 8.851275959387515657e-01
8.758985601361910511e+00 8.844929236976309950e-01
8.869139682267718428e+00 8.837763950771166943e-01
8.998072818420522978e+00 8.829473927695388191e-01
9.137577615959491695e+00 8.820619319389811919e-01
9.278605772125967377e+00 8.811786999489178429e-01
9.414482393728711429e+00 8.803387982236459131e-01
9.520471195027383260e+00 8.796910392020352853e-01
9.622665170946913094e+00 8.790724979168506037e-01
9.726705979328556850e+00 8.784487539229463016e-01
9.844547602929132779e+00 8.777494287525055006e-01
9.959382683445411999e+00 8.770751372819131086e-01
1.007869121435594195e+01 8.763819661306341269e-01
1.019089941645105668e+01 8.757368024795050276e-01
1.032473398736054904e+01 8.749757004677385375e-01
1.047241585700823663e+01 8.741462636981888190e-01
1.062392201623715238e+01 8.733064746338863316e-01
1.077284249538004346e+01 8.724917764529666053e-01
1.089206752246475673e+01 8.718470809498053420e-01
1.101308400897771556e+01 8.711994400710073583e-01
1.114137152726231861e+01 8.705201784929007536e-01
1.127553892251894396e+01 8.698176760673546060e-01
1.138331836608037229e+01 8.692590968764347670e-01
1.148862014732277892e+01 8.687182368706899416e-01
1.159843258975798364e+01 8.681592727064614268e-01
1.172936254793940769e+01 8.674994728072686900e-01
1.187533623230252289e+01 8.667722612464431320e-01
1.202015819234302008e+01 8.660593912559418905e-01
1.217122394491198101e+01 8.653247584222580890e-01
1.231343691458949507e+01 8.646414059147917719e-01
1.244450337026141362e+01 8.640185661045912680e-01
1.258725592901333634e+01 8.633476557280836960e-01
1.273860017373167430e+01 8.626447255503142397e-01
1.288784430055942387e+01 8.619598370531671438e-01
1.302219851409263285e+01 8.613502080187501742e-01
1.314389410062866936e+01 8.608036010015834849e-01
1.328669290370557832e+01 8.601688738282206037e-01
1.344085794594973038e+01 8.594915844080770473e-01
1.359686239001691455e+01 8.588144950094132035e-01
1.375100581795479115e+01 8.581535350078787205e-01
1.389630315134900229e+01 8.575377227554299431e-01
1.404229604909653872e+01 8.569259098604915525e-01
1.419132289039356820e+01 8.563084595513259512e-01
1.434467684782543984e+01 8.556804353156007847e-01
1.449762333197803521e+01 8.550614008703947277e-01
1.463706957756210336e+01 8.545032902076268311e-01
1.477708842602157979e+01 8.539488351766205687e-01
1.492188495933499226e+01 8.533816455987716099e-01
1.507363402576738665e+01 8.527938791926509277e-01
1.523211501456417949e+01 8.521872112363879648e-01
1.539409814931631182e+01 8.515746039943788981e-01
1.554942123422278932e+01 8.509941758401819989e-01
1.571795581578690637e+01 8.503720094573550270e-01
1.589442542207996212e+01 8.497289403937997587e-01
1.605096738128872857e+01 8.491655744158933539e-01
1.619430331854756488e+01 8.486554997485041829e-01
1.634051656516256656e+01 8.481407932206226352e-01
1.650626235996083224e+01 8.475640884247158668e-01
1.665875184659854824e+01 8.470397761017887106e-01
1.683578668744482698e+01 8.464385021974274448e-01
1.702499016317175418e+01 8.458046090277181461e-01
1.719887331339376857e+01 8.452298719164934582e-01
1.739289530213557811e+01 8.445972933662997395e-01
1.759993541703516939e+01 8.439322721741752131e-01
1.780664617932297134e+01 8.432784571978935162e-01
1.797216542416138907e+01 8.427621407699901201e-01
1.812719666747430836e+01 8.422842838380665276e-01
1.830103077916816545e+01 8.417549971852873458e-01
1.848262230940286344e+01 8.412093710758815623e-01
1.866219243194936084e+01 8.406770446997285928e-01
1.885903990306421818e+01 8.401016509682094346e-01
1.906568082150829113e+01 8.395066821907564147e-01
1.928894226260171152e+01 8.388741348531824071e-01
1.952003958627665625e+01 8.382304683075986196e-01
1.971907677801420533e+01 8.376850108490488944e-01
1.992074209356545111e+01 8.371406518605871705e-01
2.011867647953020466e+01 8.366143874845497486e-01
2.030770598639104918e+01 8.361191308295642388e-01
2.049991895940342346e+01 8.356227922448417056e-01
2.068660523427047693e+01 8.351476527571364272e-01
2.089655945693860772e+01 8.346213542103759764e-01
2.113527806772861695e+01 8.340331901658691871e-01
2.138786640435758812e+01 8.334225599351688940e-01
2.163728920101769759e+01 8.328312332462385337e-01
2.184016407355373701e+01 8.323586926813102416e-01
2.203448141205402067e+01 8.319130929228186755e-01
2.226266752877544874e+01 8.313984803873177842e-01
2.246409847356170175e+01 8.309518907504468421e-01
2.266912110427630012e+01 8.305046558034314685e-01
2.286749944515309352e+01 8.300788694892958786e-01
2.309662406698688031e+01 8.295955118012509066e-01
2.335667691044328365e+01 8.290577184696569235e-01
2.362638362733849817e+01 8.285119529218615275e-01
2.383765620964026510e+01 8.280928627556721766e-01
2.405635758388521950e+01 8.276667509946928902e-01
2.429697122629105266e+01 8.272069158614416828e-01
2.454701992300336499e+01 8.267388984161097021e-01
2.477350659421448498e+01 8.263235532890136348e-01
2.498717514842324050e+01 8.259391067942557507e-01
2.521945137676452475e+01 8.255292397655663583e-01
2.544736580749732724e+01 8.251351503579967828e-01
2.571190702089587887e+01 8.246876609799541624e-01
2.598983681179491967e+01 8.242288930998478147e-01
2.624285885928934903e+01 8.238212591926815653e-01
2.649461406293590926e+01 8.234250425501947745e-01
2.676519139473569808e+01 8.230095209024147485e-01
2.702506877378482741e+01 8.226203899994979363e-01
2.727673148017521498e+01 8.222527642317201124e-01
2.750552749123878726e+01 8.219263264269937030e-01
2.775529896814391506e+01 8.215783464151935611e-01
2.798845363921946117e+01 8.212613439925483538e-01
2.825368269527144349e+01 8.209098348509265008e-01
2.852820535220811138e+01 8.205561146634371417e-01
2.878476631060435409e+01 8.202347409367438669e-01
2.906691074368685079e+01 8.198914857315964255e-01
2.935023210757758605e+01 8.195574081945123934e-01
2.963345099742259947e+01 8.192339712915803762e-01
2.989639045954130125e+01 8.189430179957760680e-01
3.015972114990636754e+01 8.186605461483552615e-01
3.042421548809390686e+01 8.183857253657309538e-01
3.067152456874159938e+01 8.181367587622074833e-01
3.093532877678704551e+01 8.178796326164181618e-01
3.119438987502644878e+01 8.176355422308599907e-01
3.148042275061935058e+01 8.173756365318666228e-01
3.177871133009855598e+01 8.171152258852230066e-01
3.207911358944367208e+01 8.168638355292522357e-01
3.233496089538067508e+01 8.166582500157634206e-01
3.259469555475625668e+01 8.164574880661190637e-01
3.287265159762237943e+01 8.162514378386827030e-01
3.312636962116834383e+01 8.160712286731616194e-01
3.337664994445779598e+01 8.159007638647093330e-01
3.363612700623172458e+01 8.157316327403041356e-01
3.391097998111911949e+01 8.155608475814948299e-01
3.421246127313665397e+01 8.153833331613709046e-01
3.452055969136804237e+01 8.152124384022108039e-01
3.483811274945693270e+01 8.150473198583493284e-01
3.511007936680095298e+01 8.149147170682178309e-01
3.538164477904646787e+01 8.147903530074829259e-01
3.567558108049905030e+01 8.146647272920735094e-01
3.595504030889954805e+01 8.145538759414081564e-01
3.623254571267996482e+01 8.144520123899681163e-01
3.651042055510148288e+01 8.143581461237319186e-01
3.681285488969312070e+01 8.142651553764541639e-01
3.712683297169905217e+01 8.141786406729996095e-01
3.744293587942114954e+01 8.141017626758266790e-01
3.774333406542141489e+01 8.140381213360093904e-01
3.802664554225864890e+01 8.139864341193046027e-01
3.831601956315905255e+01 8.139419215116688866e-01
3.859696873101397330e+01 8.139066439083469939e-01
3.887735365277509203e+01 8.138791700539340646e-01
3.917403017404775056e+01 8.138584407969702283e-01
3.949007520684826034e+01 8.138457100776463893e-01
3.981346141960170826e+01 8.138425767974153402e-01
4.013613440197828908e+01 8.138493277864988773e-01
4.043943935753226526e+01 8.138645827141385292e-01
4.072679000542120065e+01 8.138869257314861327e-01
4.103315399781934047e+01 8.139191281748542339e-01
4.133163068296838816e+01 8.139587442023905606e-01
4.163474952621191250e+01 8.140072251052239416e-01
4.195473678926702377e+01 8.140673384906668142e-01
4.227027933714180818e+01 8.141355150188064327e-01
4.258933048798671450e+01 8.142133437992125078e-01
4.291144887174969114e+01 8.143009023082000697e-01
4.323153400256308032e+01 8.143967559151247260e-01
4.356111118065804533e+01 8.145045726652145879e-01
4.390220148768561614e+01 8.146257964851694178e-01
4.424920610761311934e+01 8.147590730899831879e-01
4.461753424937865020e+01 8.149113930214897383e-01
4.500826820638467041e+01 8.150850463570493698e-01
4.542015390971887001e+01 8.152813731720053303e-01
4.585065412761614567e+01 8.155009267970145803e-01
4.629687060361828799e+01 8.157437472442572446e-01
4.675651951967915210e+01 8.160098527487988918e-01
4.722778042764004169e+01 8.162992324068364391e-01
4.770909362029399148e+01 8.166117816709571597e-01
4.819908652940176808e+01 8.169472907770342074e-01
4.869652029255894377e+01 8.173054356280980981e-01
4.920027183403397686e+01 8.176857869637103038e-01
4.970933543029328661e+01 8.180878329812266703e-01
5.022282340449100957e+01 8.185110025033082159e-01
5.073996340586825227e+01 8.189546857695401139e-01
5.126009250893321223e+01 8.194182518567806328e-01
5.178264873409890612e+01 8.199010622613291943e-01
5.230716129041044837e+01 8.204024811348914481e-01
5.283324049931358246e+01 8.209218827624396031e-01
5.336056796336233532e+01 8.214586567789575744e-01
5.388888733457763891e+01 8.220122115882407821e-01
5.441799587493455448e+01 8.225819763846659027e-01
5.494773688991378435e+01 8.231674021127584062e-01
5.547799304636168216e+01 8.237679616408188910e-01
5.600868054011050390e+01 8.243831493693385415e-01
5.653974405044173324e+01 8.250124804444840532e-01
5.707115240251189903e+01 8.256554897030459195e-01
5.760289485403625775e+01 8.263117304412790354e-01
5.813497792349699012e+01 8.269807730728157003e-01
5.866742268120325576e+01 8.276622037193175352e-01
5.920026243172701186e+01 8.283556227623143364e-01
5.973354072387265745e+01 8.290606433735637770e-01
6.026730963166136235e+01 8.297768900324287156e-01
6.080162825677701477e+01 8.305039970327742216e-01
6.133656140987424976e+01 8.312416069783545858e-01
6.187217843297294451e+01 8.319893692616159298e-01
6.240855213073298557e+01 8.327469385199197660e-01
6.294575778184326253e+01 8.335139730610752196e-01
6.348387220624499605e+01 8.342901332507532963e-01
6.402297286586208713e+01 8.350750798530353070e-01
6.456313698027460646e+01 8.358684723174555353e-01
6.510444064044229151e+01 8.366699670060319116e-01
6.564695790638235451e+01 8.374792153564964980e-01
6.619075987659915938e+01 8.382958619798888122e-01
6.673591372059014759e+01 8.391195426957883674e-01
6.728248166714540446e+01 8.399498825110867095e-01
6.783051994605673940e+01 8.407864935561257802e-01
6.838007768297174493e+01 8.416289729967791899e-01
6.893119575379917308e+01 8.424769009522871110e-01
6.948390560854974751e+01 8.433298384556198179e-01
7.003822808186052384e+01 8.441873255056433489e-01
7.059417221365180239e+01 8.450488792707839814e-01
7.115173411137588744e+01 8.459139925165534146e-01
7.171089589209827864e+01 8.467821323390688493e-01
7.227162475085900439e+01 8.476527392972464936e-01
7.283387220672089768e+01 8.485252270403844665e-01
7.339757358305841706e+01 8.493989825303049912e-01
7.396264777946258562e+01 8.502733669508871772e-01
7.452899739012991631e+01 8.511477173843090549e-01
7.509650921597503270e+01 8.520213493102758440e-01
7.566505520534381901e+01 8.528935599528582046e-01
7.623449384038860899e+01 8.537636324592003945e-01
7.680467196287381171e+01 8.546308408463998418e-01
7.737542700894941561e+01 8.554944556053809546e-01
7.794658959476969073e+01 8.563537498013100713e-01
7.851798637078863408e+01 8.572080054704799279e-01
7.908944304184181817e+01 8.580565200844801899e-01
7.966078743773354631e+01 8.588986128408401255e-01
8.023185251019431519e+01 8.597336305384111199e-01
8.080247915046457763e+01 8.605609528388702412e-01
8.137251871080667343e+01 8.613799967182032002e-01
8.194183516111249332e+01 8.621902200019714302e-01
8.251030681999012018e+01 8.629911239084219199e-01
8.307782763309266727e+01 8.637822545884034087e-01
8.364430799812771511e+01 8.645632037022323857e-01
8.420967515715467755e+01 8.653336081127993573e-01
8.477387319721448478e+01 8.660931488077064921e-01
8.533686271222426001e+01 8.668415491808152407e-01
8.589862018620600281e+01 8.675785728109352002e-01
8.645913716006823790e+01 8.683040208733334708e-01
8.701841924216668644e+01 8.690177293103648060e-01
8.757648501764924731e+01 8.697195658727866485e-01
8.813336490482396357e+01 8.704094271264668503e-01
8.868909999876656514e+01 8.710872355008940637e-01
8.924374093430235177e+01 8.717529364384341006e-01
8.979734679302464428e+01 8.724064956874411081e-01
9.034998407190090575e+01 8.730478967679962121e-01
9.090172572528817341e+01 8.736771386276896978e-01
9.145265028721517808e+01 8.742942334952825689e-01
9.200284107674076495e+01 8.748992049325933218e-01
9.255238548662644860e+01 8.754920860800822213e-01
9.310137435269049888e+01 8.760729180869083477e-01
9.364990140050240086e+01 8.766417487147035725e-01
9.419806276417691038e+01 8.771986311017739846e-01
9.474595657219951761e+01 8.777436226745608527e-01
9.529368259462884794e+01 8.782767841926731878e-01
9.584134194588287414e+01 8.787981789140771882e-01
9.638903683766142194e+01 8.793078718677083128e-01
9.693687037697100095e+01 8.798059292217667027e-01
9.748494640407383827e+01 8.802924177363278258e-01
9.803336936595995610e+01 8.807674042902255973e-01
9.858224422121185171e+01 8.812309554730185512e-01
9.913167637244350772e+01 8.816831372336186856e-01
9.968177162300837324e+01 8.821240145782069941e-01
1.002326361547559372e+02 8.825536513105748382e-01
1.007843765243013934e+02 8.829721098091578568e-01
1.013370996752682345e+02 8.833794508353816077e-01
1.018909129643737401e+02 8.837757333687130679e-01
1.024459241993125573e+02 8.841610144642361169e-01
1.030022416868629875e+02 8.845353491292865522e-01
1.035599742896223177e+02 8.848987902159525243e-01
1.041192314899149949e+02 8.852513883266489580e-01
1.046801234596609760e+02 8.855931917303949685e-01
1.052427611351887009e+02 8.859242462878060831e-01
1.058072562959180232e+02 8.862445953829892753e-01
1.063737216457876542e+02 8.865542798606550479e-01
1.069422708969879352e+02 8.868533379674458095e-01
1.075130188549765080e+02 8.871418052962289913e-01
1.080860815040082628e+02 8.874197147324476287e-01
1.086615760927320622e+02 8.876870964018547250e-01
1.092396212191318057e+02 8.879439776190645173e-01
1.098203369142689780e+02 8.881903828364456910e-01
1.104038447243537888e+02 8.884263335930359107e-01
1.109902677905590878e+02 8.886518484632857096e-01
1.115797309262543280e+02 8.888669430054916276e-01
1.121723606911446041e+02 8.890716297098941734e-01
1.127682854621930204e+02 8.892659179465497443e-01
1.133676355005098344e+02 8.894498139128993452e-01
1.139705430144017839e+02 8.896233205813882661e-01
1.145771422179490600e+02 8.897864376471908976e-01
1.151875693850354025e+02 8.899391614763342284e-01
1.158019628987023992e+02 8.900814850544785939e-01
1.164204632953520075e+02 8.902133979365569605e-01
1.170432133038678160e+02 8.903348861976153605e-01
1.176703578794844560e+02 8.904459323850721919e-01
1.183020442324207551e+02 8.905465154726923682e-01
1.189384218507728832e+02 8.906366108164751605e-01
1.195796425180515428e+02 8.907161901127038650e-01
1.202258603250509736e+02 8.907852213583551393e-01
1.208772316759973364e+02 8.908436688139980131e-01
1.215339152888746668e+02 8.908914929693787510e-01
1.221960721894773627e+02 8.909286505117280930e-01
1.228638656995440925e+02 8.909550942969680642e-01
1.235374614180560542e+02 8.909707733238140248e-01
1.242170271955886562e+02 8.909756327109357166e-01
1.249027331007586952e+02 8.909696136772032871e-01
1.255947513782450358e+02 8.909526535252382251e-01
1.262932563970499302e+02 8.909246856284578353e-01
1.269984245875729272e+02 8.908856394219262231e-01
1.277104343658783989e+02 8.908354403975405900e-01
1.284294660424291123e+02 8.907740101042342928e-01
1.291557017130091936e+02 8.907012661541516829e-01
1.298893251279906451e+02 8.906171222360919071e-01
1.306305215359191720e+02 8.905214881379467373e-01
1.313794774963911323e+02 8.904142697803354434e-01
1.321363806568286350e+02 8.902953692642057160e-01
1.329014194858889368e+02 8.901646849358901825e-01
1.336747829558544254e+02 8.900221114739110817e-01
1.344566601654060491e+02 8.898675400025972682e-01
1.352472398927418737e+02 8.897008582386359832e-01
1.360467100679048826e+02 8.895219506777343188e-01
1.368552571523970869e+02 8.893306988296011406e-01
1.376730654135984935e+02 8.891269815105615759e-01
1.385003160800820297e+02 8.889106752043642867e-01
1.393371863647674047e+02 8.886816545024429637e-01
1.401838483420642945e+02 8.884397926360768638e-01
1.410404676668575235e+02 8.881849621131704398e-01
1.419072021249858437e+02 8.879170354725152148e-01
1.427842000076080637e+02 8.876358861679585210e-01
1.436715983059670236e+02 8.873413895937355411e-01
1.445695207300603329e+02 8.870334242596440433e-01
1.454780755612719929e+02 8.867118731216651062e-01
1.463973533596344794e+02 8.863766250684469439e-01
1.473274245581141031e+02 8.860275765576204332e-01
1.482683369899216359e+02 8.856646333877556954e-01
1.492201134101254070e+02 8.852877125818301440e-01
1.501827490892449646e+02 8.848967443466438931e-01
1.511562095719595504e+02 8.844916740603714356e-01
1.521404287087558203e+02 8.840724642275282763e-01
1.531353070786752539e+02 8.836390963287893419e-01
1.541407109267269959e+02 8.831915724830827763e-01
1.551564717370996505e+02 8.827299168329123535e-01
1.561823865512426153e+02 8.822541765626192856e-01
1.572182191176075889e+02 8.817644224643503836e-01
1.582637019265524430e+02 8.812607489789561210e-01
1.593185391412337992e+02 8.807432736590856681e-01
1.603824103859516583e+02 8.802121360284755891e-01
1.614549753013662325e+02 8.796674958432180169e-01
1.625358787263810711e+02 8.791095307948373350e-01
1.636247563248267625e+02 8.785384337280802702e-01
1.647212404459964148e+02 8.779544094748608085e-01
1.658249659949022714e+02 8.773576714269780696e-01
1.669355760925279810e+02 8.767484379815588813e-01
1.680527273275399978e+02 8.761269289940789573e-01
1.691760944351060516e+02 8.754933623647350727e-01
1.703053742830512647e+02 8.748479508661533011e-01
1.714402890928406578e+02 8.741908992973856929e-01
1.725805888714478442e+02 8.735224020220310193e-01
1.737260530711747322e+02 8.728426409225102933e-01
1.748764915303395924e+02 8.721517837773439252e-01
1.760317447720379960e+02 8.714499830481733378e-01
1.771916837540835843e+02 8.707373750472972018e-01
1.783562091710720665e+02 8.700140794449379156e-01
1.795252504076662206e+02 8.692801990701737314e-01
1.806987642376624308e+02 8.685358199563102399e-01
1.818767333540808977e+02 8.677810115821589232e-01
1.830591648028463396e+02 8.670158272644602482e-01
1.842460883816075352e+02 8.662403046602628054e-01
1.854375550530793646e+02 8.654544663434309282e-01
1.866336354097130936e+02 8.646583204257559663e-01
1.878344182196938448e+02 8.638518611964417504e-01
1.890400090717988917e+02 8.630350697613051736e-01
1.902505291340659426e+02 8.622079146644925363e-01
1.914661140319007870e+02 8.613703524817578616e-01
1.926869128493389951e+02 8.605223283760095043e-01
1.939130872535680510e+02 8.596637766085998278e-01
1.951448107396752221e+02 8.587946210025448890e-01
1.963822679922961356e+02 8.579147753545558475e-01
1.976256543585536178e+02 8.570241437950159025e-01
1.988751754279537920e+02 8.561226210946267789e-01
2.001310467127574384e+02 8.552100929185505462e-01
2.013934934250205515e+02 8.542864360274555757e-01
2.026627503433174411e+02 8.533515184276511123e-01
2.039390617667564243e+02 8.524051994696455470e-01
2.052226815522689947e+02 8.514473298959926995e-01
2.065138732304838811e+02 8.504777518401911429e-01
2.078129102004785693e+02 8.494962987750879213e-01
2.091200759992187272e+02 8.485027954127806193e-01
2.104356646466077336e+02 8.474970575545941465e-01
2.117599810662026698e+02 8.464788918905342685e-01
2.130933415813280760e+02 8.454480957481322889e-01
2.144360744890668684e+02 8.444044567887909469e-01
2.157885207154374143e+02 8.433477526492666465e-01
2.171510345547462464e+02 8.422777505264006370e-01
2.185239844974225605e+02 8.411942067024722469e-01
2.199077541523305115e+02 8.400968660074498162e-01
2.213027432715338421e+02 8.389854612131393274e-01
2.227093688844967403e+02 8.378597123552590231e-01
2.241280665519625757e+02 8.367193259772740532e-01
2.255592917502219166e+02 8.355639942897665762e-01
2.270035213997131507e+02 8.343933942369923251e-01
2.284612555521456727e+02 8.332071864625559821e-01
2.299330192542235523e+02 8.320050141635852992e-01
2.314193646068856083e+02 8.307865018227966747e-01
2.329208730420413929e+02 8.295512538061985408e-01
2.344381578464449660e+02 8.282988528088864877e-01
2.359718669574969852e+02 8.270288581365331515e-01
2.375226860679360925e+02 8.257408038016537111e-01
2.390913420776467717e+02 8.244341964143930834e-01
2.406786069363681690e+02 8.231085128451188782e-01
2.422853019284059144e+02 8.217631976325817655e-01
2.439123024553749701e+02 8.203976601105148481e-01
2.455605433828551440e+02 8.190112712211569113e-01
2.472310250243436087e+02 8.176033599826882936e-01
2.489248198422582163e+02 8.161732095781145668e-01
2.506430799575524020e+02 8.147200530304427035e-01
2.523870455664550718e+02 8.132430684321422243e-01
2.541580543665031655e+02 8.117413737049129496e-01
2.559575521003831682e+02 8.102140208741879235e-01
2.577871043161597981e+02 8.086599898682494958e-01
2.596484094271013419e+02 8.070781818859117385e-01
2.615433131144097842e+02 8.054674124364678001e-01
2.634738240426050311e+02 8.038264042495469885e-01
2.654421307259373748e+02 8.021537804020644202e-01
2.674506191671775923e+02 8.004480582384401188e-01
2.695018905277387375e+02 7.987076450187216015e-01
2.715987775133854143e+02 7.969308367709131424e-01
2.737443572337912769e+02 7.951158226593695311e-01
2.759419568720431926e+02 7.932606984169389142e-01
2.781951462996203190e+02 7.913634942333063194e-01
2.805077085262997798e+02 7.894222251137088531e-01
2.828835742472051038e+02 7.874349753049700862e-01
2.853267006485515935e+02 7.854000328440463585e-01
2.878408677170026522e+02 7.833160948257104073e-01
2.904293600913304658e+02 7.811825662024020067e-01
2.930945053486806842e+02 7.789999693251298263e-01
2.958370626402270887e+02 7.767704582607687369e-01
2.986555152767193135e+02 7.744983791708811571e-01
3.015454248884045114e+02 7.721907332724895490e-01
3.044991207678856995e+02 7.698573142528416513e-01
3.075060241364190006e+02 7.675102930764939879e-01
3.105537181494387937e+02 7.651632023634588053e-01
3.136294847257441916e+02 7.628295955045304444e-01
3.167216992341632817e+02 7.605218944276924686e-01
3.198204983730220761e+02 7.582508695941533317e-01
3.229175009304160540e+02 7.560258636923148368e-01
3.260047772733781812e+02 7.538555325555678088e-01
3.290735217118727292e+02 7.517487012402105373e-01
3.321129892636035379e+02 7.497149068380649650e-01
3.351102534658794525e+02 7.477642816671035142e-01
3.380511283240849139e+02 7.459066624407986179e-01
3.409220752217078712e+02 7.441502047677871490e-01
3.437123152566201156e+02 7.425001233175984039e-01
3.464152170803466220e+02 7.409581355721343021e-01
3.490285184991694791e+02 7.395227519940446026e-01
3.515536021586240167e+02 7.381901190583598504e-01
3.539943579914522616e+02 7.369549951497601503e-01
3.563560824980684174e+02 7.358115707935488636e-01
3.586446367688723740e+02 7.347540303203129453e-01
3.608659009642176443e+02 7.337768741094883307e-01
3.630254707390045041e+02 7.328750674323458725e-01
3.651285178976808083e+02 7.320440826800747036e-01
3.671797485391792293e+02 7.312798847151730230e-01
3.691834125068565982e+02 7.305788905237322606e-01
3.711433362873581245e+02 7.299379203841891428e-01
3.730629642492610287e+02 7.293541490297676955e-01
3.749454007559143065e+02 7.288250604581798520e-01
3.767934498230070517e+02 7.283484076245745342e-01
3.786096510573984801e+02 7.279221771424132514e-01
3.803963115826185231e+02 7.275445586530669972e-01
3.821555340915265901e+02 7.272139183599161116e-01
3.838892413472763678e+02 7.269287761922859081e-01
3.855991975142980550e+02 7.266877860916568510e-01
3.872870267075789457e+02 7.264897189624687224e-01
3.889542291271218915e+02 7.263334478868757049e-01
3.906021951082976216e+02 7.262179352593390869e-01
3.922322173829710437e+02 7.261422215483561704e-01
3.938455018057687198e+02 7.261054154385789827e-01
3.954431767657812884e+02 7.261066851458908289e-01
3.970263014726312463e+02 7.261452507315394600e-01
3.985958732757223402e+02 7.262203772695212667e-01
4.001528341566868221e+02 7.263313687450835276e-01
4.016980765083841902e+02 7.264775625817325722e-01
4.032324483031572413e+02 7.266583247107444299e-01
4.047567577339123659e+02 7.268730451106906187e-01
4.062717774023686843e+02 7.271211337561255261e-01
4.077782481177603131e+02 7.274020169241617317e-01
4.092768823603251462e+02 7.277151338156657712e-01
4.107683674569858567e+02 7.280599334545256873e-01
4.122533685121350686e+02 7.284358718345357309e-01
4.137325311282861549e+02 7.288424092876102378e-01
4.152064839502418181e+02 7.292790080517034257e-01
4.166758410619557367e+02 7.297451300201722724e-01
4.181412042607138346e+02 7.302402346566081448e-01
4.196031652338303388e+02 7.307637770624975104e-01
4.210623076584200248e+02 7.313152061862367992e-01
4.225192092432493496e+02 7.318939631635128507e-01
4.239744437338430885e+02 7.324994797816337666e-01
4.254285828958050502e+02 7.331311770594207688e-01
4.268821984942818517e+02 7.337884639362081129e-01
4.283358642840885295e+02 7.344707360626786530e-01
4.297901580265351527e+02 7.351773746870118309e-01
4.312456635468261084e+02 7.359077456286255980e-01
4.327029728455153759e+02 7.366611983308930522e-01
4.341626882761837578e+02 7.374370649825677804e-01
4.356254248025072684e+02 7.382346596965271290e-01
4.370918123400742843e+02 7.390532777285553356e-01
4.385624981939710665e+02 7.398921947191821058e-01
4.400381495920295265e+02 7.407506659328997323e-01
4.415194563101303515e+02 7.416279254634018381e-01
4.430071333805497034e+02 7.425231853667638715e-01
4.445019238562206283e+02 7.434356346697158502e-01
4.460046015918371722e+02 7.443644381888278039e-01
4.475159739740191185e+02 7.453087350752507501e-01
4.490368844984456018e+02 7.462676369755104622e-01
4.505682150430149022e+02 7.472402256676807797e-01
4.521108876129901546e+02 7.482255499889639561e-01
4.536658652364376962e+02 7.492226218177053809e-01
4.552341515485239825e+02 7.502304108026088825e-01
4.568167884137871511e+02 7.512478374453839258e-01
4.584148506727060521e+02 7.522737640336493170e-01
4.600294367488299940e+02 7.533069827923719597e-01
4.616616533941142961e+02 7.543462004790916220e-01
4.633125922716549212e+02 7.553900185081801055e-01
4.649832954016827671e+02 7.564369075995890368e-01
4.666747057925809941e+02 7.574851759836889187e-01
4.683875990646927221e+02 7.585329305224416396e-01
4.701224919376210778e+02 7.595780309643139772e-01
4.718795248480043938e+02 7.606180393156514175e-01
4.736583197793891031e+02 7.616501693921899907e-01
4.754578219333255902e+02 7.626712462773260759e-01
4.772761458926860314e+02 7.636776912376219695e-01
4.791104620087797343e+02 7.646655527474200964e-01
4.809569712087296125e+02 7.656306047261984826e-01
4.828110157742310093e+02 7.665685238033099758e-01
4.846673492237492269e+02 7.674751358710449889e-01
4.865205400843939856e+02 7.683466937334586522e-01
4.883654311809054889e+02 7.691801268071344344e-01
4.901975491813832377e+02 7.699732057016250852e-01
4.920133774393832482e+02 7.707245913073745847e-01
4.938104575996497942e+02 7.714337751206553628e-01
4.955873405909074449e+02 7.721009452246457849e-01
4.973434398387646524e+02 7.727268206705867337e-01
4.990788436183294152e+02 7.733124892557381447e-01
5.007941295600547846e+02 7.738592693097442465e-01
5.024902053987371460e+02 7.743686029019296591e-01
5.041681844094545113e+02 7.748419792674191564e-01
5.058292943045922812e+02 7.752808832044439935e-01
5.074748139675086804e+02 7.756867622682265262e-01
5.091060313975194731e+02 7.760610072520467417e-01
5.107242169360075081e+02 7.764049416521582314e-01
5.123306071018640750e+02 7.767198170033969840e-01
5.139263956133581814e+02 7.770068119370687754e-01
5.155127291863319670e+02 7.772670335199056701e-01
5.170907064556494106e+02 7.775015199256780640e-01
5.186613788930874307e+02 7.777112438227499203e-01
5.202257529656287716e+02 7.778971160831749110e-01
5.217847930256667723e+02 7.780599895649764619e-01
5.233394245944371050e+02 7.782006628156977746e-01
5.248905378200747691e+02 7.783198836088816019e-01
5.264389909668865357e+02 7.784183522655759857e-01
5.279856138482709866e+02 7.784967247395042644e-01
5.295312111534601627e+02 7.785556154608763713e-01
5.310765656396333725e+02 7.785955999436734443e-01
5.326224411799920517e+02 7.786172171671924547e-01
5.341695856665489828e+02 7.786209717454672941e-01
5.357187337759495449e+02 7.786073358996156157e-01
5.372706096080437419e+02 7.785767512482829611e-01
5.388259292106638441e+02 7.785296304309199389e-01
5.403854030069505825e+02 7.784663585777599204e-01
5.419497381380168690e+02 7.783872946394728709e-01
5.435196407391272260e+02 7.782927725882131664e-01
5.450958181638516180e+02 7.781831025007915903e-01
5.466789811704611566e+02 7.780585715337222652e-01
5.482698460878722244e+02 7.779194447987279881e-01
5.498691369726793710e+02 7.777659661467751784e-01
5.514775877746409378e+02 7.775983588674828528e-01
5.530959445223122657e+02 7.774168263105090126e-01
5.547249675429321769e+02 7.772215524348037308e-01
5.563654337302724571e+02 7.770127022911669235e-01
5.580181388727409058e+02 7.767904224433679339e-01
5.596839000553056849e+02 7.765548413327186816e-01
5.613635581445747675e+02 7.763060695915777742e-01
5.630579803707476003e+02 7.760442003106629016e-01
5.647680630144318457e+02 7.757693092662066858e-01
5.664947342072174479e+02 7.754814551133156764e-01
5.682389568502883321e+02 7.751806795532806271e-01
5.700017316545521453e+02 7.748670074837182842e-01
5.717841002972219258e+02 7.745404471430979987e-01
5.735871486866295754e+02 7.742009902633671947e-01
5.754120103126250569e+02 7.738486122490200181e-01
5.772598696522247792e+02 7.734832724049296448e-01
5.791319655734857861e+02 7.731049142433784604e-01
5.810295946638154874e+02 7.727134659078286338e-01
5.829541143657578459e+02 7.723088407641079955e-01
5.849069457603447972e+02 7.718909382239352857e-01
5.868895757710565704e+02 7.714596448859877276e-01
5.889035584750018870e+02 7.710148361055745303e-01
5.909505150885165676e+02 7.705563781381576938e-01
5.930321320392375810e+02 7.700841310453110378e-01
5.951501563305555464e+02 7.695979526073672972e-01
5.973063871350284444e+02 7.690977035572262865e-01
5.995026622097525433e+02 7.685832545360409274e-01
6.017408373063119598e+02 7.680544952722602181e-01
6.040227562464427820e+02 7.675113465984101380e-01
6.063502087840913646e+02 7.669537760320791486e-01
6.087248728626040020e+02 7.663818177300343315e-01
6.111482375473959792e+02 7.657955976317968316e-01
6.136215030768207725e+02 7.651953644542699440e-01
6.161454555864161193e+02 7.645815267584424868e-01
6.187203167862254531e+02 7.639546954161413606e-01
6.213455739346845803e+02 7.633157292950618622e-01
6.240198033502986164e+02 7.626657797822916640e-01
6.267405109711389741e+02 7.620063270953191248e-01
6.295040238036972369e+02 7.613391989045612540e-01
6.323054717468596664e+02 7.606665609380721671e-01
6.351388939568773822e+02 7.599908715584330343e-01
6.379974832673148057e+02 7.593147986943055150e-01
6.408739486749789194e+02 7.586411069154983533e-01
6.437609411864391404e+02 7.579725314403465974e-01
6.466514685058293708e+02 7.573116601749001475e-01
6.495392293946896416e+02 7.566608421690859121e-01
6.524188259030997870e+02 7.560221325222502564e-01
6.552858470105613833e+02 7.553972738780290186e-01
6.581368455488043310e+02 7.547877072106744523e-01
6.609692440223113863e+02 7.541946013977205432e-01
6.637812050515955207e+02 7.536188915585116943e-01
6.665714942125715652e+02 7.530613186499746092e-01
6.693393527509209662e+02 7.525224657731514055e-01
6.720843886855703886e+02 7.520027891091164429e-01
6.748064885804801634e+02 7.515026430550866277e-01
6.775057486947501957e+02 7.510223000386041514e-01
6.801824226354347047e+02 7.505619658627729063e-01
6.828368822504534137e+02 7.501217914994735558e-01
6.854695887579167675e+02 7.497018821537032585e-01
6.880810715801696915e+02 7.493023042790982746e-01
6.906719128867019890e+02 7.489230910739752556e-01
6.932427363207436883e+02 7.485642468573472375e-01
6.957941987674203119e+02 7.482257506201437369e-01
6.983269843316882088e+02 7.479075589648258582e-01
7.008417999195320363e+02 7.476096085868417784e-01
7.033393719884369375e+02 7.473318184068148406e-01
7.058204441637910804e+02 7.470740914299187629e-01
7.082857755029186819e+02 7.468363163870257448e-01
7.107361392585125941e+02 7.466183691958915292e-01
7.131723220409521673e+02 7.464201142696902380e-01
7.155951233110603198e+02 7.462414056930407602e-01
7.180053551582712998e+02 7.460820882806810106e-01
7.204038423351140636e+02 7.459419985307670364e-01
7.227914225371038128e+02 7.458209654822876011e-01
7.251689469156068526e+02 7.457188114854629291e-01
7.275372808253728181e+02 7.456353528925981911e-01
7.298973048137257820e+02 7.455704006764880543e-01
7.322499158547859679e+02 7.455237609834864942e-01
7.345960288470234900e+02 7.454952356276682846e-01
7.369365783878889715e+02 7.454846225327707021e-01
7.392725208475626459e+02 7.454917161283262095e-01
7.416048367653211244e+02 7.455163077064175248e-01
7.439345336031543638e+02 7.455581857453836836e-01
7.462626488911234901e+02 7.456171362068905184e-01
7.485902538091893348e+02 7.456929428127152537e-01
7.509184572597047236e+02 7.457853873076908391e-01
7.532484104911536633e+02 7.458942497152594164e-01
7.555813123524263801e+02 7.460193085924792245e-01
7.579184152614641334e+02 7.461603412910005062e-01
7.602610320013046703e+02 7.463171242313754172e-01
7.626105434644608749e+02 7.464894331976282826e-01
7.649684075016220959e+02 7.466770436597575111e-01
7.673361690504394801e+02 7.468797311313720710e-01
7.697154717594955855e+02 7.470972715697609123e-01
7.721080713584631212e+02 7.473294418247503623e-01
7.745158510728987267e+02 7.475760201412521289e-01
7.769408394236018012e+02 7.478367867164100735e-01
7.793852308122267232e+02 7.481115243071476684e-01
7.818514093272170840e+02 7.484000188718794577e-01
7.843419762436914198e+02 7.487020602124732083e-01
7.868597816652928714e+02 7.490174425493000276e-01
7.894079606574729269e+02 7.493459649081746221e-01
7.919899739282502651e+02 7.496874311039677385e-01
7.946096524795128744e+02 7.500416489465898673e-01
7.972712443560367319e+02 7.504084280221399172e-01
7.999794590965938141e+02 7.507875749336002658e-01
8.027395006901298302e+02 7.511788840794912936e-01
8.055570708847243395e+02 7.515821206683384048e-01
8.084383082938334155e+02 7.519969903296197522e-01
8.113895996889086746e+02 7.524230858666898225e-01
8.144171513450841076e+02 7.528597959406011508e-01
8.175261372927308230e+02 7.533061534003906434e-01
8.207191695442026003e+02 7.537605974992316327e-01
8.239938662864801699e+02 7.542206409177912851e-01
8.273396967331409542e+02 7.546825049260593721e-01
8.307353884224988860e+02 7.551409430219407914e-01
8.341495539159431019e+02 7.555896152549858025e-01
8.375465481676695845e+02 7.560221774267835704e-01
8.408953421986473131e+02 7.564336083869726002e-01
8.441758289323920508e+02 7.568209533241396780e-01
8.473796047753030507e+02 7.571831965794721953e-01
8.505070088854949972e+02 7.575206523931831137e-01
8.535634079994543981e+02 7.578343383118600896e-01
8.565563166579784138e+02 7.581255352109994572e-01
8.594936562947584662e+02 7.583955429939877035e-01
8.623829112066150628e+02 7.586455732445056555e-01
8.652308307432318770e+02 7.588767177950960230e-01
8.680434017755529794e+02 7.590899514275648574e-01
8.708259269143156871e+02 7.592861462396001127e-01
8.735831281196717555e+02 7.594660877701866486e-01
8.763192441552010905e+02 7.596304894616429104e-01
8.790381135974537301e+02 7.597800047824222469e-01
8.817432438279284952e+02 7.599152372290202129e-01
8.844378685974506880e+02 7.600367485912925547e-01
8.871249966390232657e+02 7.601450658194180976e-01
8.898074532445826890e+02 7.602406867582072181e-01
8.924879162449752812e+02 7.603240849577990179e-01
8.951689475235468763e+02 7.603957137302013169e-01
8.978530210088065360e+02 7.604560095919438156e-01
9.005425479573973462e+02 7.605053952091117564e-01
9.032399002375998407e+02 7.605442819412154831e-01
9.059474322415881034e+02 7.605730720637670084e-01
9.086675020056404719e+02 7.605921607364762860e-01
9.114024920646158989e+02 7.606019377733083120e-01
9.141548305596162436e+02 7.606027892633203669e-01
9.169270131170388822e+02 7.605950990856669147e-01
9.197216260385985152e+02 7.605792503589873244e-01
9.225413713946055623e+02 7.605556268641932016e-01
9.253890946720547390e+02 7.605246144805021258e-01
9.282678157245479724e+02 7.604866026778929200e-01
9.311807638906960847e+02 7.604419861152362792e-01
9.341314182843118488e+02 7.603911664031898221e-01
9.371235544077469513e+02 7.603345541061343749e-01
9.401612984062227270e+02 7.602725710794150382e-01
9.432491903678695735e+02 7.602056532713170611e-01
9.463922580335616885e+02 7.601342541678697273e-01
9.495961018876918160e+02 7.600588491314597128e-01
9.528669914388987081e+02 7.599799409941463413e-01
9.562119697171411872e+02 7.598980674341249131e-01
9.596389569465072782e+02 7.598138109189283007e-01
9.631568315349816203e+02 7.597278123863902000e-01
9.667754402775415201e+02 7.596407904036338588e-01
9.705054372643544411e+02 7.595535683115324233e-01
9.743577507102615982e+02 7.594671126507487324e-01
9.783423014226312944e+02 7.593825861032532654e-01
9.824653518629482960e+02 7.593014143747255362e-01
9.867247489022341824e+02 7.592253515968200306e-01
9.911030944295672498e+02 7.591564919858423410e-01
9.955618495299014512e+02 7.590971253343723468e-01
1.000043528218568667e+03 7.590493584449031772e-01
1.004486494202337553e+03 7.590146401605172288e-01
1.008843634964771809e+03 7.589935351318702894e-01
1.013090803529892014e+03 7.589858893700682785e-01
1.017223252748443656e+03 7.589911696851953105e-01
1.021247818637825276e+03 7.590087369761288061e-01
1.025176392063125832e+03 7.590379894649147419e-01
1.029021941633812276e+03 7.590784111917763255e-01
1.032796622089063476e+03 7.591295733222349629e-01
1.036511162712312853e+03 7.591911199099314889e-01
1.040174866829303483e+03 7.592627526679678329e-01
1.043795826402326156e+03 7.593442190564131389e-01
1.047381168503736490e+03 7.594353037876753199e-01
1.050937268778330463e+03 7.595358227815122154e-01
1.054469921347437321e+03 7.596456187265659965e-01
1.057984473009578323e+03 7.597645577492749824e-01
1.061485932056029469e+03 7.598925269286026518e-01
1.064979059829857988e+03 7.600294325133919449e-01
1.068468450666223816e+03 7.601751987514226983e-01
1.071958604153116312e+03 7.603297672663783535e-01
1.075453992752422437e+03 7.604930969426386689e-01
1.078959127421583844e+03 7.606651643032268373e-01
1.082478623768820626e+03 7.608459643941155592e-01
1.086017271349309567e+03 7.610355122175954667e-01
1.089580108943261621e+03 7.612338447896068727e-01
1.093172509096694284e+03 7.614410239339322040e-01
1.096800275862155104e+03 7.616571399711605794e-01
1.100469760645647739e+03 7.618823165168214784e-01
1.104188002402413304e+03 7.621167166726872111e-01
1.107962900233401569e+03 7.623605509799764590e-01
1.111803428731402846e+03 7.626140875955623732e-01
1.115719909058456778e+03 7.628776652268622893e-01
1.119724350985954516e+03 7.631517093420939757e-01
1.123830880549689937e+03 7.634367518459156399e-01
1.128056257524831153e+03 7.637334532121154984e-01
1.132420446702379650e+03 7.640426224927799881e-01
1.136947082086386445e+03 7.643652207167723756e-01
1.141663305379686108e+03 7.647023066661362556e-01
1.146597500632996798e+03 7.650548164748022240e-01
1.151771208143599324e+03 7.654229195936127494e-01
1.157178327301073523e+03 7.658045116515325157e-01
1.162750122077275819e+03 7.661928891824006937e-01
1.168342292040999610e+03 7.665763261382407823e-01
1.173800817728394577e+03 7.669432244718354941e-01
1.179044670489683540e+03 7.672878494582526798e-01
1.184067375921853227e+03 7.676099872135204727e-01
1.188897556527384040e+03 7.679118901469003111e-01
1.193572787894176145e+03 7.681963582380685329e-01
1.198128243406328238e+03 7.684659499016146533e-01
1.202592768806314325e+03 7.687227440125318223e-01
1.206989022828865700e+03 7.689683778531001268e-01
1.211334985808619876e+03 7.692041649532608272e-01
1.215645429439905001e+03 7.694312010538434388e-01
1.219933025478070022e+03 7.696504407891165966e-01
1.224209099277642508e+03 7.698627486406278697e-01
1.228484128814370933e+03 7.700689324768296151e-01
1.232768098869531286e+03 7.702697673042645521e-01
1.237070783220518933e+03 7.704660139784849093e-01
1.241401996858833172e+03 7.706584355232497519e-01
1.245771843981707207e+03 7.708478126489032300e-01
1.250190980460835817e+03 7.710349596187221488e-01
1.254670908860973896e+03 7.712207415547882583e-01
1.259224327493978308e+03 7.714060944498485339e-01
1.263865561394932911e+03 7.715920495069982232e-01
1.268611112596221119e+03 7.717797639922800990e-01
1.273480379692132601e+03 7.719705616080441146e-01
1.278496610081780545e+03 7.721659864705963106e-01
1.283688150348271847e+03 7.723678757599756750e-01
1.289090004289405670e+03 7.725784553113604902e-01
1.294745427014775260e+03 7.728004531123110477e-01
1.300706199318637800e+03 7.730371830103766051e-01
1.307026495554899839e+03 7.732923906448703200e-01
1.313734830472237718e+03 7.735691681646484907e-01
1.320758233490703788e+03 7.738666061523816753e-01
1.327848207993645246e+03 7.741758000401264272e-01
1.334712734754282792e+03 7.744844355926335799e-01
1.341228214927088629e+03 7.747862641971667852e-01
1.347415823927492966e+03 7.750811473854686273e-01
1.353340599977863576e+03 7.753711034161703264e-01
1.359070048793255410e+03 7.756585292429279965e-01
1.364661554840583904e+03 7.759455733103602926e-01
1.370159034822839885e+03 7.762338970613589240e-01
1.375595719220831597e+03 7.765247448086027848e-01
1.380997985109499950e+03 7.768190923278448512e-01
1.386388221711391679e+03 7.771177670902998935e-01
1.391786823801350693e+03 7.774215365503052144e-01
1.397213535294657731e+03 7.777311697716332572e-01
1.402688425669197613e+03 7.780474835248737397e-01
1.408232765365029763e+03 7.783713853274404348e-01
1.413869977157020458e+03 7.787039222591769505e-01
1.419626810911592884e+03 7.790463432842819058e-01
1.425534914220111659e+03 7.794001843937700125e-01
1.431633041911291002e+03 7.797673897727089853e-01
1.437970265673538506e+03 7.801504884068756196e-01
1.444610655885034248e+03 7.805528502926553092e-01
1.451639621755270127e+03 7.809790252075036188e-01
1.459169196382020118e+03 7.814349851690272075e-01
1.467322688406380394e+03 7.819270740790169594e-01
1.476110846370726904e+03 7.824544561309207946e-01
1.485114795130019957e+03 7.829905238809281576e-01
1.493683897295421502e+03 7.834959254513136351e-01
1.501635804956508537e+03 7.839602647986008144e-01
1.509096943709276502e+03 7.843915858383092576e-01
1.516211812369780091e+03 7.847988288950026314e-01
1.523103361411897367e+03 7.851894942647881237e-01
1.529868974876058928e+03 7.855694591389753567e-01
1.536578302734955059e+03 7.859429233795978131e-01
1.543283685108466670e+03 7.863130569134815229e-01
1.550029361912187824e+03 7.866825509242837411e-01
1.556857235081413137e+03 7.870539585936796589e-01
1.563811342714931925e+03 7.874299551001039399e-01
1.570941764153521035e+03 7.878135624714891483e-01
1.578309052782510662e+03 7.882084036421319606e-01
1.585990612456619601e+03 7.886190664792173122e-01
1.594090780701190852e+03 7.890516791608531699e-01
1.602756859137728952e+03 7.895148306958728046e-01
1.612198955473750175e+03 7.900207497062100570e-01
1.622661752389412641e+03 7.905839794604717641e-01
1.634018601324701649e+03 7.911994901715497797e-01
1.645101546882047160e+03 7.918050245179091284e-01
1.655201401545137287e+03 7.923613354287545318e-01
1.664526824438057020e+03 7.928788192934957957e-01
1.673357123618541664e+03 7.933720724227988352e-01
1.681894252126435504e+03 7.938516929695519364e-01
1.690308556807105333e+03 7.943267159778043540e-01
1.698725980840868033e+03 7.948038029285229289e-01
1.707244140527338686e+03 7.952880687193714104e-01
1.715955440358551868e+03 7.957843423453717646e-01
1.724962565016456892e+03 7.962980146015349314e-01
1.734395864930743073e+03 7.968359928299114658e-01
1.744438939451583565e+03 7.974081026729454846e-01
1.755372223668825654e+03 7.980294613742161536e-01
1.767633630689550728e+03 7.987237008509446845e-01
1.781604691270478497e+03 7.995105639824509058e-01
1.794277179462047798e+03 8.002199690852556113e-01
1.806866284191587511e+03 8.009203932177227925e-01
1.818532212179643693e+03 8.015655916780969337e-01
1.829431369824282456e+03 8.021651273926723169e-01
1.840039538294297472e+03 8.027458179074093980e-01
1.850601292742407168e+03 8.033214278672535791e-01
1.861338370054994130e+03 8.039042921825175769e-01
1.872479453772193665e+03 8.045069916730498427e-01
1.884281164065342637e+03 8.051435241675335419e-01
1.897119320216083224e+03 8.058342409544947404e-01
1.911639033509622095e+03 8.066138908593528667e-01
1.928833283131361668e+03 8.075357683341045645e-01
1.944577465828905815e+03 8.083789749628123023e-01
1.960204257675995450e+03 8.092151220014504043e-01
1.974593989884675238e+03 8.099842421126580705e-01
1.988117982327950358e+03 8.107060607100702310e-01
2.001495712264814074e+03 8.114186967705612208e-01
2.015161959363995265e+03 8.121448170717696646e-01
2.029611564093424931e+03 8.129099422295711364e-01
2.045534814522170791e+03 8.137493612306736512e-01
2.064142307586062998e+03 8.147246123861738853e-01
2.086993775150971032e+03 8.159132553542109978e-01
2.105231445105104740e+03 8.168546263106868377e-01
2.123242897061491931e+03 8.177780777157291903e-01
2.140632167564022893e+03 8.186639898015812822e-01
2.157661199057816248e+03 8.195264834117139685e-01
2.175491850055954274e+03 8.204245404257761720e-01
2.195292005844557025e+03 8.214161092333427394e-01
2.219374223075154077e+03 8.226144088606572868e-01
2.244432366045509752e+03 8.238524053815863279e-01
2.269250949150478846e+03 8.250694894235530708e-01
2.291803767135876569e+03 8.261673138255988258e-01
2.313924348879405443e+03 8.272361753639901893e-01
2.337601417506488360e+03 8.283711147953947140e-01
2.365800857999379787e+03 8.297100286307663719e-01
2.397817306668525816e+03 8.312130409520955832e-01
2.429475683930430023e+03 8.326814748286403001e-01
2.458266995369919641e+03 8.340019092612622753e-01
2.487818848676413836e+03 8.353427065080279990e-01
2.522528648345619331e+03 8.368990720299837038e-01
2.565048627695247887e+03 8.387785878827658248e-01
2.606842169263627511e+03 8.405968488287582918e-01
2.646435012296100922e+03 8.422925860206889048e-01
2.692339706164736981e+03 8.442260006846197262e-01
2.747209870099610271e+03 8.464914751199028586e-01
2.800630428020158433e+03 8.486503489126331345e-01
2.855400996276456226e+03 8.508168494272920768e-01
2.927499645099616828e+03 8.535976150632456072e-01
3.012884710521254874e+03 8.567884626177724172e-01
3.101810756900761135e+03 8.599971321363617527e-01
3.194775807776349211e+03 8.632310423026238189e-01
3.284897711347759014e+03 8.662529460544728943e-01
3.381339497778709301e+03 8.693682902739856555e-01
3.488015386507042876e+03 8.726776082976250848e-01
3.599371813690789168e+03 8.759862974241251488e-01
3.711144617646448296e+03 8.791651924199238577e-01
3.824874629300098604e+03 8.822612470129856943e-01
3.943087807006927505e+03 8.853392730773002040e-01
4.065896763114605619e+03 8.883942364930104141e-01
4.191916694274805195e+03 8.913866808290000776e-01
4.320559562774265942e+03 8.943015462115552205e-01
4.452235004344176559e+03 8.971477121612455585e-01
4.587284433209324561e+03 8.999313589436899186e-01
4.725630464699276672e+03 9.026496905969100260e-01
4.867135072299660351e+03 9.052994682037074359e-01
5.011840826418686447e+03 9.078814020556735809e-01
5.159876049410475389e+03 9.103977421696473060e-01
5.311331313057461557e+03 9.128499709763170378e-01
5.466264942184487154e+03 9.152390429513878045e-01
5.624748412555837604e+03 9.175661522863931552e-01
5.786872292789177664e+03 9.198327598270505945e-01
5.952729950093717889e+03 9.220403152462225416e-01
6.122411249015938665e+03 9.241901731687759414e-01
6.296006220842812581e+03 9.262836504433444862e-01
6.473607560091228152e+03 9.283220562636163020e-01
6.655309810458405082e+03 9.303066789427962835e-01
6.841208403316546537e+03 9.322387746499056771e-01
7.031399769203173491e+03 9.341195698295793326e-01
7.225981747546005863e+03 9.359502661076530838e-01
7.425053762668146192e+03 9.377320421094607061e-01
7.628716878442449342e+03 9.394660539607841976e-01
7.837073898026202187e+03 9.411534361590574438e-01
8.050229504452283436e+03 9.427953026408363302e-01
8.268290392220085778e+03 9.443927475869997590e-01
8.491365379271246638e+03 9.459468459363838955e-01
8.719565510648208146e+03 9.474586537443717704e-01
8.953004159811625868e+03 9.489292084529773463e-01
9.191797126315797868e+03 9.503595290789940142e-01
9.436062729226063311e+03 9.517506163329773061e-01
9.685921897258738682e+03 9.531034526903695570e-01
9.941498256876093365e+03 9.544190024335672540e-01
1.020291821923671159e+04 9.556982116783840908e-01
1.047031106652696690e+04 9.569420083939571553e-01
1.074380903753257553e+04 9.581513024206171902e-01
1.102354741360819753e+04 9.593269854951377296e-01
1.130966460486195865e+04 9.604699312850143444e-01
1.160230223657273928e+04 9.615809954340386323e-01
1.190160523645399371e+04 9.626610156231049098e-01
1.220772192231750705e+04 9.637108116453128037e-01
1.252080409047520698e+04 9.647311854973447121e-01
1.284100710479585359e+04 9.657229214869496037e-01
1.316848998659391873e+04 9.666867863571201314e-01
1.350341550503299368e+04 9.676235294256562147e-01
1.384595026851570037e+04 9.685338827411288376e-01
1.419626481659829369e+04 9.694185612532431051e-01
1.455453371301363222e+04 9.702782629984535445e-01
1.492093563950331009e+04 9.711136692990265384e-01
1.529565349065637201e+04 9.719254449750660552e-01
1.567887446981706307e+04 9.727142385685356718e-01
1.607079018617355177e+04 9.734806825783370865e-01
1.647159675353996136e+04 9.742253937061996494e-01
1.688149489014177016e+04 9.749489731107100488e-01
1.730069002034112418e+04 9.756520066700508087e-01
1.772939237820438575e+04 9.763350652518556494e-01
1.816781711276111673e+04 9.769987049886639241e-01
1.861618439580795894e+04 9.776434675590751633e-01
1.907471953184716040e+04 9.782698804726632780e-01
1.954365307035805381e+04 9.788784573578008796e-01
2.002322092102030729e+04 9.794696982521319262e-01
2.051366447181485273e+04 9.800440898943955093e-01
2.101523070973854556e+04 9.806021060163285785e-01
2.152817234528342669e+04 9.811442076350785912e-01
2.205274793972841871e+04 9.816708433440841652e-01
2.258922203630405784e+04 9.821824496028404017e-01
2.313786529470921596e+04 9.826794510242519154e-01
2.369895462965761908e+04 9.831622606595643576e-01
2.427277335301602943e+04 9.836312802799005439e-01
2.485961131992465744e+04 9.840869006542539710e-01
2.545976507921434313e+04 9.845295018237524287e-01
2.607353802769504182e+04 9.849594533714494116e-01
2.670124056873084919e+04 9.853771146876806331e-01
2.734319027498133073e+04 9.857828352306440278e-01
2.799971205564611591e+04 9.861769547821926940e-01
2.867113832749537323e+04 9.865598036982672348e-01
2.935780919126855588e+04 9.869317031547928387e-01
3.006007261094906789e+04 9.872929653875048839e-01
3.077828459882376046e+04 9.876438939273388673e-01
3.151280940424749497e+04 9.879847838301739626e-01
3.226401970663731481e+04 9.883159219012752628e-01
3.303229681346829602e+04 9.886375869148137374e-01
3.381803086248548789e+04 9.889500498281148522e-01
3.462162102826705086e+04 9.892535739907615255e-01
3.544347573326746351e+04 9.895484153486986401e-01
3.628401286400645040e+04 9.898348226436256558e-01
3.714365999148104311e+04 9.901130376073681294e-01
3.802285459649118275e+04 9.903832951515967320e-01
3.892204429984737362e+04 9.906458235528947665e-01
3.984168709741016937e+04 9.909008446332654430e-01
4.078225160049183614e+04 9.911485739362554392e-01
4.174421728150821582e+04 9.913892208987280519e-01
4.272807472512140521e+04 9.916229890183907436e-01
4.372807472512140521e+04 9.918487009226184536e-01
4.472807472512140521e+04 9.920632704738474583e-01
4.572807472512140521e+04 9.922674718246575765e-01
4.672807472512140521e+04 9.924620105411994242e-01
4.772807472512140521e+04 9.926475309025953875e-01
4.872807472512140521e+04 9.928246223360661649e-01
4.972807472512140521e+04 9.929938250658378873e-01
5.072807472512140521e+04 9.931556350787922316e-01
5.172807472512140521e+04 9.933105085035472959e-01
5.272807472512140521e+04 9.934588654835081467e-01
5.372807472512140521e+04 9.936010936109099800e-01
5.472807472512140521e+04 9.937375509784692751e-01
5.572807472512140521e+04 9.938685688970935184e-01
5.672807472512140521e+04 9.939944543212038131e-01
5.772807472512140521e+04 9.941154920175034881e-01
5.872807472512140521e+04 9.942319465080839969e-01
5.972807472512140521e+04 9.943440638146591182e-01
6.072807472512140521e+04 9.944520730270854925e-01
6.172807472512140521e+04 9.945561877163813236e-01
6.272807472512140521e+04 9.946566072097975386e-01
6.372807472512140521e+04 9.947535177433354248e-01
6.472807472512140521e+04 9.948470935051058062e-01
6.572807472512140521e+04 9.949374975813658484e-01
6.672807472512140521e+04 9.950248828155702219e-01
6.772807472512140521e+04 9.951093925895874159e-01
6.872807472512140521e+04 9.951911615351141105e-01
6.972807472512140521e+04 9.952703161824243416e-01
7.072807472512140521e+04 9.953469755527586393e-01
7.172807472512140521e+04 9.954212516999335625e-01
7.272807472512140521e+04 9.954932502061711874e-01
7.372807472512140521e+04 9.955630706365374838e-01
7.472807472512140521e+04 9.956308069559834939e-01
7.572807472512140521e+04 9.956965479124570972e-01
7.672807472512140521e+04 9.957603773892856891e-01
7.772807472512140521e+04 9.958223747296303108e-01
7.872807472512140521e+04 9.958826150355333251e-01
7.972807472512140521e+04 9.959411694438622398e-01
8.072807472512140521e+04 9.959981053811675089e-01
8.172807472512140521e+04 9.960534867993096064e-01
8.272807472512140521e+04 9.961073743935185965e-01
8.372807472512140521e+04 9.961598258043808940e-01
8.472807472512140521e+04 9.962108958051072438e-01
8.572807472512140521e+04 9.962606364753165966e-01
8.672807472512140521e+04 9.963090973624451063e-01
8.772807472512140521e+04 9.963563256317941041e-01
8.872807472512140521e+04 9.964023662061196607e-01
8.972807472512140521e+04 9.964472618956070615e-01
9.072807472512140521e+04 9.964910535190073526e-01
9.172807472512140521e+04 9.965337800165851023e-01
9.272807472512140521e+04 9.965754785555477335e-01
9.372807472512140521e+04 9.966161846285144232e-01
9.472807472512140521e+04 9.966559321455442655e-01
9.572807472512140521e+04 9.966947535202351771e-01
9.672807472512140521e+04 9.967326797502888969e-01
9.772807472512140521e+04 9.967697404929893867e-01
9.872807472512140521e+04 9.968059641359425793e-01
9.936403736256070260e+04 9.968285779920992296e-01
1.000000000000000000e+05 9.968508710590223698e-01
