# t  Nu
0.000000000000000000e+00 1.000000000000002442e+00
1.000000000000000378e-06 1.000000000000001554e+00
2.000000000000000333e-06 9.999999999999906741e-01
3.000000000000000076e-06 1.000000000000015099e+00
3.999999999999999819e-06 1.000000000000088374e+00
6.000000000000000152e-06 1.000000000000331069e+00
9.999999999999999124e-06 1.000000000000946798e+00
1.799999999999999707e-05 1.000000000002835066e+00
3.399999999999999973e-05 1.000000000009330980e+00
6.600000000000000506e-05 1.000000000033265390e+00
1.300000000000000157e-04 1.000000000125020660e+00
2.579999999999999828e-04 1.000000000484177365e+00
5.139999999999999170e-04 1.000000001905176239e+00
1.026000000000000002e-03 1.000000007557922288e+00
2.049999999999999739e-03 1.000000030105213433e+00
4.097999999999999213e-03 1.000000120158271999e+00
8.193999999999999895e-03 1.000000480027108507e+00
1.638599999999999779e-02 1.000001918246078425e+00
3.276999999999999358e-02 1.000007664077467773e+00
6.553799999999998516e-02 1.000030597447720604e+00
1.310739999999999683e-01 1.000121950240731472e+00
2.621459999999999901e-01 1.000484450023900740e+00
5.242899999999999228e-01 1.001912897834796423e+00
1.048578000000000010e+00 1.007479394833159070e+00
2.097153999999999741e+00 1.028916058064403227e+00
4.194305999999999202e+00 1.112619403053463740e+00
8.220118501275418765e+00 1.477273633137217823e+00
1.215443610351035453e+01 2.497501515509901182e+00
1.573567229422044988e+01 8.017142482212737065e+00
1.916745995441958783e+01 -6.839065668403501164e+00
2.240745735967300334e+01 -2.499426518245344120e+00
2.547302102519626388e+01 -1.577193436845014896e+00
2.840736711616159837e+01 -1.176894362314528042e+00
3.120761133293706280e+01 -9.555329601537326800e-01
3.388789689793170368e+01 -8.156327436628584282e-01
3.646758940273016947e+01 -7.192705081553703028e-01
3.895765792798110283e+01 -6.489744228191959285e-01
4.137166950830642520e+01 -5.953993587579621272e-01
4.371686458710462375e+01 -5.532448408074628343e-01
4.599035690560396716e+01 -5.193509530865171309e-01
4.820730825776654882e+01 -4.914099012147878365e-01
5.037746874254951024e+01 -4.679364026904520024e-01
5.251391988760452989e+01 -4.478663030624012720e-01
5.461978484939277934e+01 -4.305217764515408829e-01
5.669657333302925650e+01 -4.154100444878321419e-01
5.875440108152634622e+01 -4.021049684833332138e-01
6.080050705638724651e+01 -3.903054150339649309e-01
6.283967390270315434e+01 -3.797958481637588313e-01
6.487688153047746198e+01 -3.704103819524842134e-01
6.691933866387866203e+01 -3.620137693931582135e-01
6.896819184201653741e+01 -3.545260840593845164e-01
7.103667311363120973e+01 -3.478482923698596463e-01
7.309780046137329634e+01 -3.420190074441333827e-01
7.521404449703700834e+01 -3.368416368228542845e-01
7.731294038669787483e+01 -3.324714295848934520e-01
7.941891549440065035e+01 -3.288117875858672101e-01
8.157476011142001937e+01 -3.257780665379127472e-01
8.368422019411134727e+01 -3.234664962446266445e-01
8.565419328960388157e+01 -3.218565912199591872e-01
8.768849206017335973e+01 -3.207120343645122329e-01
8.975285133543945904e+01 -3.200449764960869303e-01
9.178360910267288375e+01 -3.198274720921429060e-01
9.374837646337175556e+01 -3.199840971685669611e-01
9.563350236705502994e+01 -3.204292232119547168e-01
9.748937335019111572e+01 -3.211062416452594159e-01
9.934822247794417649e+01 -3.219780320960263786e-01
1.012172456789789834e+02 -3.230050463199514166e-01
1.031056902461972697e+02 -3.241496468666183461e-01
1.049936262219106737e+02 -3.253552511592652796e-01
1.068996467758392726e+02 -3.265886254449446024e-01
1.088144794741995582e+02 -3.277994279492624230e-01
1.107308232533103620e+02 -3.289404966761786953e-01
1.126706621956593608e+02 -3.299833108392999370e-01
1.146387699755044451e+02 -3.308882238077399118e-01
1.166009326670643844e+02 -3.316037155478107623e-01
1.185873985644736166e+02 -3.321088550322593980e-01
1.206116198946326818e+02 -3.323713873905039251e-01
1.226785724702983487e+02 -3.323558999799550717e-01
1.247587808485743324e+02 -3.320357341387457084e-01
1.268770561336723262e+02 -3.313855919929538096e-01
1.290322311056793581e+02 -3.303838921885327018e-01
1.312380712122885313e+02 -3.290043218187188589e-01
1.335087422568885813e+02 -3.272167242589689162e-01
1.358144703610484214e+02 -3.250329268804921234e-01
1.381829088710794906e+02 -3.224215559700131517e-01
1.406280833419548628e+02 -3.193585502253192265e-01
1.431353440780234507e+02 -3.158606138901974836e-01
1.457052338058057614e+02 -3.119349789214760360e-01
1.483389052739956639e+02 -3.075936214939163360e-01
1.510609830930178532e+02 -3.028112169088846839e-01
1.538681954317220573e+02 -2.976116429247985251e-01
1.567370731845430782e+02 -2.920658517804042842e-01
1.597166673660303502e+02 -2.861086504788523110e-01
1.627923204173920624e+02 -2.798004525326874825e-01
1.659559128718097725e+02 -2.731952840152962469e-01
1.692554325593800399e+02 -2.662322995739663245e-01
1.726889949876047581e+02 -2.589574890218986347e-01
1.762281017015418172e+02 -2.514769560946634175e-01
1.798923303382971142e+02 -2.437967312928853436e-01
1.836906206546160263e+02 -2.359468630323104665e-01
1.876072802220597566e+02 -2.280079872195654167e-01
1.916852378700461941e+02 -2.199422725691264624e-01
1.959225860864743822e+02 -2.118044429240689697e-01
2.002339862214435584e+02 -2.037989308064314387e-01
2.047273178846873236e+02 -1.957649655999359195e-01
2.093390332250539814e+02 -1.878561748036056134e-01
2.140824707025612952e+02 -1.800802448977206760e-01
2.189303380541300896e+02 -1.725064588923511388e-01
2.239190670709753874e+02 -1.650992951955640442e-01
2.289356592214942339e+02 -1.580349239006247353e-01
2.340479522589322414e+02 -1.512177132081453379e-01
2.391889977401106080e+02 -1.447343037417296308e-01
2.443698890854114154e+02 -1.385600529012039894e-01
2.498242622310716570e+02 -1.324292911260737671e-01
2.554605847082848413e+02 -1.264690768023678802e-01
2.612511206870990463e+02 -1.207178683197873831e-01
2.672085028956852284e+02 -1.151682855885531181e-01
2.732270524621746972e+02 -1.099136508301191140e-01
2.793963280267927303e+02 -1.048680485035998755e-01
2.855874933042201747e+02 -1.001255804327201432e-01
2.919397072102490824e+02 -9.556875710520114364e-02
2.987524926199576498e+02 -9.100223704537854785e-02
3.059798657258007779e+02 -8.649086027145212741e-02
3.133420729348843565e+02 -8.221757943351128139e-02
3.204215613222459069e+02 -7.838865686586421466e-02
3.279280329943326819e+02 -7.460310000179207202e-02
3.358759816193635288e+02 -7.087578744886706417e-02
3.438498790784448715e+02 -6.740063789264494343e-02
3.518911689463600396e+02 -6.414010512706368183e-02
3.597951712617119142e+02 -6.115291175763155895e-02
3.673896885428664518e+02 -5.846858134746196062e-02
3.745008744206448341e+02 -5.610689045622069271e-02
3.824821848657672945e+02 -5.361719184818439926e-02
3.902164112891820764e+02 -5.135421694807433546e-02
3.990343866673390494e+02 -4.893900325304237353e-02
4.084074266717123578e+02 -4.654790631478528118e-02
4.176699298205340938e+02 -4.434755759265867486e-02
4.266500841934431492e+02 -4.235511510297116505e-02
4.353042131652938451e+02 -4.055529062696995590e-02
4.436566497403012477e+02 -3.892133638562991771e-02
4.518540611602877561e+02 -3.740880297040298508e-02
4.601244334659269839e+02 -3.596760934856420289e-02
4.687706695245742594e+02 -3.454541423099191655e-02
4.781421738101230403e+02 -3.309423812444330093e-02
4.884705565837862196e+02 -3.159520546468680413e-02
4.997349487315213992e+02 -3.007021980670248479e-02
5.113454933588382687e+02 -2.860784997002351754e-02
5.229313491542201291e+02 -2.724949873211323162e-02
5.342394547287947262e+02 -2.601241271073771039e-02
5.452747813525114680e+02 -2.488251366168282852e-02
5.562403296247510980e+02 -2.382927536067388705e-02
5.673671759024307448e+02 -2.282574412393567620e-02
5.789624021919710231e+02 -2.184430587301621624e-02
5.913198582261217098e+02 -2.086477794698333998e-02
6.046022518031087429e+02 -1.988193372657187652e-02
6.186466803840910416e+02 -1.891467455844170198e-02
6.333582376400336216e+02 -1.797360665297263391e-02
6.483737288216943853e+02 -1.708218406887136720e-02
6.634087539327035756e+02 -1.625307495480463049e-02
6.783654513487155100e+02 -1.548557756317676254e-02
6.931007672350357325e+02 -1.478037717959821210e-02
7.078124984954459933e+02 -1.412240008601432957e-02
7.224286832796476574e+02 -1.351048685518441497e-02
7.371097207247046299e+02 -1.293435140047233430e-02
7.529880606349720438e+02 -1.235107449018400284e-02
7.701565234506821298e+02 -1.176302916413779834e-02
7.881809989772245899e+02 -1.118908016008364655e-02
8.082554873854811603e+02 -1.059728751260815074e-02
8.285997399678690272e+02 -1.004360915767217068e-02
8.478555666014055987e+02 -9.558148844366582547e-03
8.656832872955211542e+02 -9.139106319010615806e-03
8.832749526150619204e+02 -8.751834049730219944e-03
9.010285397790780735e+02 -8.385257838727937924e-03
9.189002562279589483e+02 -8.038894053499527279e-03
9.374540345781570068e+02 -7.701440647827015491e-03
9.575683545806488155e+02 -7.358999027595618247e-03
9.783191870811618855e+02 -7.029093683632912579e-03
1.000000000000000000e+03 -6.707574786451896663e-03
