# t  Nu
0.000000000000000000e+00 1.000000000000000222e+00
1.000000000000000167e-06 1.000000000000001554e+00
2.000000000000000333e-06 1.000000000000001776e+00
3.000000000000000076e-06 9.999999999999982236e-01
3.999999999999999819e-06 9.999999999999831246e-01
6.000000000000000152e-06 9.999999999999189537e-01
9.999999999999999124e-06 9.999999999996229683e-01
1.799999999999999707e-05 9.999999999983657517e-01
3.399999999999999973e-05 9.999999999932154271e-01
6.600000000000000506e-05 9.999999999723909738e-01
1.300000000000000157e-04 9.999999998886861530e-01
2.579999999999999828e-04 9.999999995531635433e-01
5.139999999999999170e-04 9.999999982103433549e-01
1.000000000000000021e-03 9.999999932013177162e-01
