# t  Nu
0.000000000000000000e+00 1.000000000000002442e+00
1.000000000000000167e-06 9.999999999999995559e-01
2.000000000000000333e-06 1.000000000000004663e+00
3.000000000000000076e-06 9.999999999999904521e-01
3.999999999999999819e-06 9.999999999999278355e-01
6.000000000000000152e-06 9.999999999996678213e-01
9.999999999999999124e-06 9.999999999984832133e-01
1.799999999999999707e-05 9.999999999934514605e-01
3.399999999999999973e-05 9.999999999728781397e-01
6.600000000000000506e-05 9.999999998897765030e-01
1.300000000000000157e-04 9.999999995565441724e-01
2.579999999999999828e-04 9.999999982270716403e-01
5.139999999999999170e-04 9.999999929549219235e-01
1.026000000000000002e-03 9.999999722483755571e-01
2.049999999999999739e-03 9.999998922472059792e-01
3.156561123374231406e-03 9.999997512837389690e-01
4.298306670581657045e-03 9.999995502798620928e-01
5.544629872486236608e-03 9.999992706866142056e-01
6.917043992517543302e-03 9.999988948080478224e-01
8.452270285275507652e-03 9.999983952089196437e-01
1.018414774606453063e-02 9.999977375522680623e-01
1.213549221883202661e-02 9.999968844208640961e-01
1.433078734212825736e-02 9.999957912629253709e-01
1.679608384345734548e-02 9.999944054885971934e-01
1.955797487889962896e-02 9.999926661481614021e-01
2.264941946308486609e-02 9.999904989543403344e-01
2.610590169801307175e-02 9.999878164754423260e-01
2.995980585278109135e-02 9.999845214390185033e-01
3.424866935136379464e-02 9.999804991922357500e-01
3.900737333040355664e-02 9.999756231353889024e-01
4.428088744765505680e-02 9.999697403741669710e-01
5.011442855311704775e-02 9.999626785621104075e-01
5.655006913130447566e-02 9.999542493504808283e-01
6.363678628725015496e-02 9.999442343344702167e-01
7.142190401955836321e-02 9.999323939174059594e-01
7.994660361183790476e-02 9.999184747517437799e-01
8.925732560852435438e-02 9.999021918154290534e-01
9.940479524747844464e-02 9.998832264262824676e-01
1.104582115837120376e-01 9.998611935524409633e-01
1.225019357987974511e-01 9.998356360192603987e-01
1.356566169894053708e-01 9.998059634706362164e-01
1.500233115004474260e-01 9.997715619849352198e-01
1.656700617294190325e-01 9.997318391269259807e-01
1.826507049543134309e-01 9.996861938923043978e-01
2.010085465742832145e-01 9.996340157975742713e-01
2.208128500040465736e-01 9.995745804312899940e-01
2.421940469785269778e-01 9.995069136478016425e-01
2.655012645597352727e-01 9.994291997802642324e-01
2.912990644856063849e-01 9.993385928508901062e-01
3.204405335369894803e-01 9.992307099206289012e-01
3.535658141086210904e-01 9.991012869305099242e-01
3.911086766152438443e-01 9.989462903695076612e-01
4.335495813251901143e-01 9.987609634964949024e-01
4.814624500729438594e-01 9.985395079341666813e-01
5.355368476925986831e-01 9.982748016553805170e-01
5.965921608795713427e-01 9.979580988233365257e-01
6.655765297238465106e-01 9.975787609364129560e-01
7.435718176325439854e-01 9.971239214030913622e-01
8.318069823780085414e-01 9.965780534339740981e-01
9.316771266163084153e-01 9.959224353711892963e-01
1.044766900027279233e+00 9.951345021640159993e-01
1.172876526799834451e+00 9.941870768699189176e-01
1.318049369024447470e+00 9.930474763368321023e-01
1.482599786599215985e+00 9.916764922237246704e-01
1.669136850687965579e+00 9.900272869505456486e-01
1.880573140586851100e+00 9.880443325802604759e-01
2.120104311482658321e+00 9.856626216447933464e-01
2.391158431421334551e+00 9.828073315104763896e-01
2.697353462784552125e+00 9.793937189198997917e-01
3.042540417670620112e+00 9.753263905523029687e-01
3.430977581005640431e+00 9.704971175651494475e-01
3.867527044507767187e+00 9.647822015647016247e-01
4.357525585612351371e+00 9.580444111228232362e-01
4.905747989864558178e+00 9.501498890532038555e-01
5.513964155315854931e+00 9.410119002247315789e-01
6.178019780714052445e+00 9.306513858388872906e-01
6.887997179600742648e+00 9.192135353187366187e-01
7.633151606723060922e+00 9.068959211370669626e-01
8.406683264984145865e+00 8.938604952029314266e-01
9.206443542457060758e+00 8.802070207389690593e-01
1.003340560666997483e+01 8.659898652707757050e-01
1.089018422073563563e+01 8.512404356749115886e-01
1.178015610538643543e+01 8.359826671438703727e-01
1.270710235841105984e+01 8.202406754245460396e-01
1.367518126884398377e+01 8.040410338273153990e-01
1.468904571055598574e+01 7.874128163350432308e-01
1.575400456313430553e+01 7.703873183126201951e-01
1.687619934152781553e+01 7.529981500453239995e-01
1.806280193466543338e+01 7.352818045070699249e-01
1.932225374385906491e+01 7.172786084214687330e-01
2.066457207749419211e+01 6.990339840112079761e-01
2.210175464061169492e+01 6.806000375273437708e-01
2.364832277660538296e+01 6.620375792250734470e-01
2.532206200801507379e+01 6.434187635178849618e-01
2.714504843396733591e+01 6.248306387596176403e-01
2.914509903810475322e+01 6.063800448873359894e-01
3.135786687376349491e+01 5.882005382129714688e-01
3.382994519246068421e+01 5.704624261881765523e-01
3.662360069406397400e+01 5.533876857942956473e-01
3.982423379705743827e+01 5.372727523457426768e-01
4.355259811273307946e+01 5.225243586111824046e-01
4.798574231691110015e+01 5.097176952498017055e-01
5.339490047851740684e+01 4.996940502312361421e-01
6.021875746483131309e+01 4.937308186983520586e-01
6.921754272238193550e+01 4.938493612314939774e-01
8.183530713827641989e+01 5.033970459672399977e-01
1.011953615524724768e+02 5.282057392272949681e-01
1.355501556283205389e+02 5.790403697776530523e-01
2.042597437800166631e+02 6.650364712541606549e-01
3.042597437800166631e+02 7.465899033958888209e-01
4.042597437800166631e+02 7.973570868752024587e-01
5.042597437800166631e+02 8.314909664103754539e-01
6.042597437800166063e+02 8.558967710823369712e-01
7.042597437800166063e+02 8.741765616704864073e-01
8.042597437800166063e+02 8.883648805268593573e-01
9.042597437800166063e+02 8.996905555131059495e-01
1.004259743780016606e+03 9.089373157808756654e-01
1.104259743780016606e+03 9.166277251617561683e-01
1.204259743780016606e+03 9.231232422835639051e-01
1.304259743780016606e+03 9.286816977357565950e-01
1.404259743780016606e+03 9.334918655973338808e-01
1.504259743780016606e+03 9.376950895602054192e-01
1.604259743780016606e+03 9.413992753641831079e-01
1.704259743780016606e+03 9.446882132083412875e-01
1.804259743780016606e+03 9.476279500894627672e-01
1.904259743780016606e+03 9.502712452740280646e-01
2.004259743780016606e+03 9.526607487624180193e-01
2.104259743780016834e+03 9.548313098733268722e-01
2.204259743780016834e+03 9.568116813372404827e-01
2.304259743780016834e+03 9.586257956965354987e-01
2.404259743780016834e+03 9.602937341286639228e-01
2.504259743780016834e+03 9.618324707690282249e-01
2.604259743780016834e+03 9.632564509337639969e-01
2.704259743780016834e+03 9.645780449127516754e-01
2.804259743780016834e+03 9.658079074749749138e-01
2.904259743780016834e+03 9.669552651668902321e-01
3.004259743780016834e+03 9.680281477684959945e-01
3.104259743780016834e+03 9.690335761680201054e-01
3.204259743780016834e+03 9.699777159341133048e-01
3.304259743780016834e+03 9.708660036741134647e-01
3.404259743780016834e+03 9.717032516414166876e-01
3.504259743780016834e+03 9.724937348370128465e-01
3.604259743780016834e+03 9.732412639292583600e-01
3.704259743780016834e+03 9.739492466139403337e-01
3.804259743780016834e+03 9.746207394969906845e-01
3.904259743780016834e+03 9.752584921643934202e-01
4.004259743780016834e+03 9.758649847779157227e-01
4.104259743780016834e+03 9.764424602796080155e-01
4.204259743780016834e+03 9.769929520856732719e-01
4.304259743780016834e+03 9.775183079899674166e-01
4.404259743780016834e+03 9.780202108685732698e-01
4.504259743780016834e+03 9.785001966741122548e-01
4.604259743780016834e+03 9.789596701246636723e-01
4.704259743780016834e+03 9.793999184246404699e-01
4.804259743780016834e+03 9.798221232997607055e-01
4.904259743780016834e+03 9.802273715828242473e-01
5.004259743780016834e+03 9.806166645499369006e-01
5.104259743780016834e+03 9.809909261757876475e-01
5.204259743780016834e+03 9.813510104514433507e-01
5.304259743780016834e+03 9.816977078862125783e-01
5.404259743780016834e+03 9.820317512980668573e-01
5.504259743780016834e+03 9.823538209816722322e-01
5.604259743780016834e+03 9.826645493306711554e-01
5.704259743780016834e+03 9.829645249803478091e-01
5.804259743780016834e+03 9.832542965277295544e-01
5.904259743780016834e+03 9.835343758784942381e-01
6.004259743780016834e+03 9.838052412637989796e-01
6.104259743780016834e+03 9.840673399641751695e-01
6.204259743780016834e+03 9.843210907733694892e-01
6.304259743780016834e+03 9.845668862304318703e-01
6.404259743780016834e+03 9.848050946452455712e-01
6.504259743780016834e+03 9.850360619393805361e-01
6.604259743780016834e+03 9.852601133216393192e-01
6.704259743780016834e+03 9.854775548153462683e-01
6.804259743780016834e+03 9.856886746525099774e-01
6.904259743780016834e+03 9.858937445480707717e-01
7.004259743780016834e+03 9.860930208663061247e-01
7.104259743780016834e+03 9.862867456896716734e-01
7.204259743780016834e+03 9.864751477996657192e-01
7.304259743780016834e+03 9.866584435778249507e-01
7.404259743780016834e+03 9.868368378346304981e-01
7.504259743780016834e+03 9.870105245726287224e-01
7.604259743780016834e+03 9.871796876901086648e-01
7.704259743780016834e+03 9.873445016303779020e-01
7.804259743780016834e+03 9.875051319817140794e-01
7.904259743780016834e+03 9.876617360321272576e-01
8.004259743780016834e+03 9.878144632830058169e-01
8.104259743780016834e+03 9.879634559250248804e-01
8.204259743780017743e+03 9.881088492796014089e-01
8.304259743780017743e+03 9.882507722087715551e-01
8.404259743780017743e+03 9.883893474960092629e-01
8.504259743780017743e+03 9.885246922004615744e-01
8.604259743780017743e+03 9.886569179866799839e-01
8.704259743780017743e+03 9.887861314318444617e-01
8.804259743780017743e+03 9.889124343121705740e-01
8.904259743780017743e+03 9.890359238702692846e-01
9.004259743780017743e+03 9.891566930647641698e-01
9.104259743780017743e+03 9.892748308036241056e-01
9.204259743780017743e+03 9.893904221624340023e-01
9.304259743780017743e+03 9.895035485886489734e-01
9.404259743780017743e+03 9.896142880929752472e-01
9.504259743780017743e+03 9.897227154287280282e-01
9.604259743780017743e+03 9.898289022601056697e-01
9.704259743780017743e+03 9.899329173200895893e-01
9.804259743780017743e+03 9.900348265588315710e-01
9.904259743780017743e+03 9.901346932830353831e-01
1.000425974378001774e+04 9.902325782871106430e-01
1.010425974378001774e+04 9.903285399765531238e-01
1.020425974378001774e+04 9.904226344841350338e-01
1.030425974378001774e+04 9.905149157794305159e-01
1.040425974378001774e+04 9.906054357719361603e-01
1.050425974378001774e+04 9.906942444085290456e-01
1.060425974378001774e+04 9.907813897652710811e-01
1.070425974378001774e+04 9.908669181342382171e-01
1.080425974378001774e+04 9.909508741054906533e-01
1.090425974378001774e+04 9.910333006445516402e-01
1.100425974378001774e+04 9.911142391657862261e-01
1.110425974378001774e+04 9.911937296016933852e-01
1.120425974378001774e+04 9.912718104686721876e-01
1.130425974378001774e+04 9.913485189291879607e-01
1.140425974378001774e+04 9.914238908507512216e-01
1.150425974378001774e+04 9.914979608618853524e-01
1.160425974378001774e+04 9.915707624050804636e-01
1.170425974378001774e+04 9.916423277872091768e-01
1.180425974378001774e+04 9.917126882273001875e-01
1.190425974378001774e+04 9.917818739019191865e-01
1.200425974378001774e+04 9.918499139883720783e-01
1.210425974378001774e+04 9.919168367056598878e-01
1.220425974378001774e+04 9.919826693535616080e-01
1.230425974378001774e+04 9.920474383497115412e-01
1.240425974378001774e+04 9.921111692650093072e-01
1.250425974378001774e+04 9.921738868571794434e-01
1.260425974378001774e+04 9.922356151029212423e-01
1.270425974378001774e+04 9.922963772284344453e-01
1.280425974378001774e+04 9.923561957385598209e-01
1.290425974378001774e+04 9.924150924445521715e-01
1.300425974378001774e+04 9.924730884906153294e-01
1.310425974378001774e+04 9.925302043792181284e-01
1.320425974378001774e+04 9.925864599952094469e-01
1.330425974378001774e+04 9.926418746289539241e-01
1.340425974378001774e+04 9.926964669983583400e-01
1.350425974378001774e+04 9.927502552699483118e-01
1.360425974378001774e+04 9.928032570790259470e-01
1.370425974378001774e+04 9.928554895489467569e-01
1.380425974378001774e+04 9.929069693095657900e-01
1.390425974378001774e+04 9.929577125148789651e-01
1.400425974378001774e+04 9.930077348599319897e-01
1.410425974378001774e+04 9.930570515970102985e-01
1.420425974378001774e+04 9.931056775511263313e-01
1.430425974378001774e+04 9.931536271348633260e-01
1.440425974378001774e+04 9.932009143626792103e-01
1.450425974378001774e+04 9.932475528644854057e-01
1.460425974378001774e+04 9.932935558987955327e-01
1.470425974378001774e+04 9.933389363652592730e-01
1.480425974378001774e+04 9.933837068167696849e-01
1.490425974378001774e+04 9.934278794709580085e-01
1.500425974378001774e+04 9.934714662214106928e-01
1.510425974378001774e+04 9.935144786482320578e-01
1.520425974378001774e+04 9.935569280284003435e-01
1.530425974378001774e+04 9.935988253455624308e-01
1.540425974378001774e+04 9.936401812995581118e-01
1.550425974378001774e+04 9.936810063154577488e-01
1.560425974378001774e+04 9.937213105524012047e-01
1.570425974378001774e+04 9.937611039119822465e-01
1.580425974378001774e+04 9.938003960463566155e-01
1.590425974378001774e+04 9.938391963660645478e-01
1.600425974378001774e+04 9.938775140475243353e-01
1.610425974378001774e+04 9.939153580403092825e-01
1.620425974378001774e+04 9.939527370740495194e-01
1.630425974378001774e+04 9.939896596652012528e-01
1.640425974378001774e+04 9.940261341234887249e-01
1.650425974378001774e+04 9.940621685581660927e-01
1.660425974378001774e+04 9.940977708839708882e-01
1.670425974378001774e+04 9.941329488269857739e-01
1.680425974378001774e+04 9.941677099301942100e-01
1.690425974378001774e+04 9.942020615588529342e-01
1.700425974378001774e+04 9.942360109057585271e-01
1.710425974378001774e+04 9.942695649961784676e-01
1.720425974378001774e+04 9.943027306927748610e-01
1.730425974378001774e+04 9.943355147002671535e-01
1.740425974378001774e+04 9.943679235699064423e-01
1.750425974378001774e+04 9.943999637038934969e-01
1.760425974378001774e+04 9.944316413595676307e-01
1.770425974378001774e+04 9.944629626534708944e-01
1.780425974378001774e+04 9.944939335653216750e-01
1.790425974378001774e+04 9.945245599417967819e-01
1.800425974378001774e+04 9.945548475001907418e-01
1.810425974378001774e+04 9.945848018320235795e-01
1.820425974378001774e+04 9.946144284064331043e-01
1.830425974378001774e+04 9.946437325735421053e-01
1.840425974378001774e+04 9.946727195676445810e-01
1.850425974378001774e+04 9.947013945103599930e-01
1.860425974378001774e+04 9.947297624136046679e-01
1.870425974378001774e+04 9.947578281825572022e-01
1.880425974378001774e+04 9.947855966184614429e-01
1.890425974378001774e+04 9.948130724213603004e-01
1.900425974378001774e+04 9.948402601927635036e-01
1.910425974378001774e+04 9.948671644382101054e-01
1.920425974378001774e+04 9.948937895697611555e-01
1.930425974378001774e+04 9.949201399083982267e-01
1.940425974378001774e+04 9.949462196863688712e-01
1.950425974378001774e+04 9.949720330494622456e-01
1.960425974378001774e+04 9.949975840591961385e-01
1.970425974378001774e+04 9.950228766949450465e-01
1.980425974378001774e+04 9.950479148560067433e-01
1.990425974378001774e+04 9.950727023636182222e-01
2.000425974378001774e+04 9.950972429628863747e-01
2.010425974378001774e+04 9.951215403246873592e-01
2.020425974378001774e+04 9.951455980474699370e-01
2.030425974378001774e+04 9.951694196590741281e-01
2.040425974378001774e+04 9.951930086184155311e-01
2.050425974378001774e+04 9.952163683171849629e-01
2.060425974378001774e+04 9.952395020814474025e-01
2.070425974378001774e+04 9.952624131732674684e-01
2.080425974378001774e+04 9.952851047922003369e-01
2.090425974378001774e+04 9.953075800767917647e-01
2.100425974378001774e+04 9.953298421060287060e-01
2.110425974378001774e+04 9.953518939007534039e-01
2.120425974378001774e+04 9.953737384250219700e-01
2.130425974378001774e+04 9.953953785874106730e-01
2.140425974378001774e+04 9.954168172423630834e-01
2.150425974378001774e+04 9.954380571913747922e-01
2.160425974378001774e+04 9.954591011842855997e-01
2.170425974378001774e+04 9.954799519203914038e-01
2.180425974378001774e+04 9.955006120496703304e-01
2.190425974378001774e+04 9.955210841738617589e-01
2.200425974378001774e+04 9.955413708475538970e-01
2.210425974378001774e+04 9.955614745792848996e-01
2.220425974378001774e+04 9.955813978325394054e-01
2.230425974378001774e+04 9.956011430267773799e-01
2.240425974378001774e+04 9.956207125383869094e-01
2.250425974378001774e+04 9.956401087016836238e-01
2.260425974378001774e+04 9.956593338097926571e-01
2.270425974378001774e+04 9.956783901155769057e-01
2.280425974378001774e+04 9.956972798325046670e-01
2.290425974378001774e+04 9.957160051355223862e-01
2.300425974378001774e+04 9.957345681618721134e-01
2.310425974378001774e+04 9.957529710119176203e-01
2.320425974378001774e+04 9.957712157499262196e-01
2.330425974378001774e+04 9.957893044048656828e-01
2.340425974378001774e+04 9.958072389711007943e-01
2.350425974378001774e+04 9.958250214091943775e-01
2.360425974378001774e+04 9.958426536465745382e-01
2.370425974378001774e+04 9.958601375782470955e-01
2.380425974378001774e+04 9.958774750674915799e-01
2.390425974378001774e+04 9.958946679464768525e-01
2.400425974378001774e+04 9.959117180169387851e-01
2.410425974378001774e+04 9.959286270508352912e-01
2.420425974378001774e+04 9.959453967908989958e-01
2.430425974378001774e+04 9.959620289512871594e-01
2.440425974378001774e+04 9.959785252181347914e-01
2.450425974378001774e+04 9.959948872501405148e-01
2.460425974378001774e+04 9.960111166791181248e-01
2.470425974378001774e+04 9.960272151105323823e-01
2.480425974378001774e+04 9.960431841240454665e-01
2.490425974378001774e+04 9.960590252740266770e-01
2.500425974378001774e+04 9.960747400900287207e-01
2.510425974378001774e+04 9.960903300773409352e-01
2.520425974378001774e+04 9.961057967173968519e-01
2.530425974378001774e+04 9.961211414683015519e-01
2.540425974378001774e+04 9.961363657652755332e-01
2.550425974378001774e+04 9.961514710210681578e-01
2.560425974378001774e+04 9.961664586264533661e-01
2.570425974378001774e+04 9.961813299505962727e-01
2.580425974378001774e+04 9.961960863415220135e-01
2.590425974378001774e+04 9.962107291264811204e-01
2.600425974378001774e+04 9.962252596123852832e-01
2.610425974378001774e+04 9.962396790861530738e-01
2.620425974378001774e+04 9.962539888151431544e-01
2.630425974378001774e+04 9.962681900474686936e-01
2.640425974378001774e+04 9.962822840123990442e-01
2.650425974378001774e+04 9.962962719207121287e-01
2.660425974378001774e+04 9.963101549650188460e-01
2.670425974378001774e+04 9.963239343201273357e-01
2.680425974378001774e+04 9.963376111433469573e-01
2.690425974378001774e+04 9.963511865748414520e-01
2.700425974378001774e+04 9.963646617379331438e-01
2.710425974378001774e+04 9.963780377393929300e-01
2.720425974378001774e+04 9.963913156697871143e-01
2.730425974378001774e+04 9.964044966037386430e-01
2.740425974378001774e+04 9.964175816002223129e-01
2.750425974378001774e+04 9.964305717028599796e-01
2.760425974378001774e+04 9.964434679401834583e-01
2.770425974378001774e+04 9.964562713259204063e-01
2.780425974378001774e+04 9.964689828592554477e-01
2.790425974378001774e+04 9.964816035250889659e-01
2.800425974378001774e+04 9.964941342942815750e-01
2.810425974378001774e+04 9.965065761239124686e-01
2.820425974378001774e+04 9.965189299575377690e-01
2.830425974378001774e+04 9.965311967254110170e-01
2.840425974378001774e+04 9.965433773446875643e-01
2.850425974378001774e+04 9.965554727197323270e-01
2.860425974378001774e+04 9.965674837422664467e-01
2.870425974378001774e+04 9.965794112916309677e-01
2.880425974378001774e+04 9.965912562349746873e-01
2.890425974378001774e+04 9.966030194274850817e-01
2.900425974378001774e+04 9.966147017125864815e-01
2.910425974378001774e+04 9.966263039221369135e-01
2.920425974378001774e+04 9.966378268766284965e-01
2.930425974378001774e+04 9.966492713853997154e-01
2.940425974378001774e+04 9.966606382467656511e-01
2.950425974378001774e+04 9.966719282482958686e-01
2.960425974378001774e+04 9.966831421669093416e-01
2.970425974378001774e+04 9.966942807690993833e-01
2.980425974378001774e+04 9.967053448111057312e-01
2.990425974378001774e+04 9.967163350390688681e-01
3.000425974378001774e+04 9.967272521891981096e-01
3.010425974378001774e+04 9.967380969879722219e-01
3.020425974378001774e+04 9.967488701522577710e-01
3.030425974378001774e+04 9.967595723894541182e-01
3.040425974378001774e+04 9.967702043977300086e-01
3.050425974378001774e+04 9.967807668660710885e-01
3.060425974378001774e+04 9.967912604745209348e-01
3.070425974378001774e+04 9.968016858942684300e-01
3.080425974378001774e+04 9.968120437877897588e-01
3.090425974378001774e+04 9.968223348090341496e-01
3.100425974378001774e+04 9.968325596035289005e-01
3.110425974378001774e+04 9.968427188084933999e-01
3.120425974378001774e+04 9.968528130530396325e-01
3.130425974378001774e+04 9.968628429582315764e-01
3.140425974378001774e+04 9.968728091372481837e-01
3.150425974378001774e+04 9.968827121955008419e-01
3.160425974378001774e+04 9.968925527307654910e-01
3.170425974378001774e+04 9.969023313332667779e-01
3.180425974378001774e+04 9.969120485858652403e-01
3.190425974378001774e+04 9.969217050640960531e-01
3.200425974378001774e+04 9.969313013363279019e-01
3.210425974378001774e+04 9.969408379638656781e-01
3.220425974378001774e+04 9.969503155010620565e-01
3.230425974378001774e+04 9.969597344954151952e-01
3.240425974378001774e+04 9.969690954876911926e-01
3.250425974378001774e+04 9.969783990119928108e-01
3.260425974378001774e+04 9.969876455959190142e-01
3.270425974378001774e+04 9.969968357605987208e-01
3.280425974378001411e+04 9.970059700208322440e-01
3.290425974378001411e+04 9.970150488851927673e-01
3.300425974378001411e+04 9.970240728560738619e-01
3.310425974378001411e+04 9.970330424298272654e-01
3.320425974378001411e+04 9.970419580968460371e-01
3.330425974378001411e+04 9.970508203416388326e-01
3.340425974378001411e+04 9.970596296429178329e-01
3.350425974378001411e+04 9.970683864737017732e-01
3.360425974378001411e+04 9.970770913013881076e-01
3.370425974378001411e+04 9.970857445878439362e-01
3.380425974378001411e+04 9.970943467894826107e-01
3.390425974378001411e+04 9.971028983573333448e-01
3.400425974378001411e+04 9.971113997371396920e-01
3.410425974378001411e+04 9.971198513694402576e-01
3.420425974378001411e+04 9.971282536896113324e-01
3.430425974378001411e+04 9.971366071279733623e-01
3.440425974378001411e+04 9.971449121098527879e-01
3.450425974378001411e+04 9.971531690556655336e-01
3.460425974378001411e+04 9.971613783809729625e-01
3.470425974378001411e+04 9.971695404965351672e-01
3.480425974378001411e+04 9.971776558084300968e-01
3.490425974378001411e+04 9.971857247180966333e-01
3.500425974378001411e+04 9.971937476223559083e-01
3.510425974378001411e+04 9.972017249135595174e-01
3.520425974378001411e+04 9.972096569795948495e-01
3.530425974378001411e+04 9.972175442039478144e-01
3.540425974378001411e+04 9.972253869658074255e-01
3.550425974378001411e+04 9.972331856400827865e-01
3.560425974378001411e+04 9.972409405974875796e-01
3.570425974378001411e+04 9.972486522045824753e-01
3.580425974378001411e+04 9.972563208238492960e-01
3.590425974378001411e+04 9.972639468137409757e-01
3.600425974378001411e+04 9.972715305287260801e-01
3.610425974378001411e+04 9.972790723193645235e-01
3.620425974378001411e+04 9.972865725323482033e-01
3.630425974378001411e+04 9.972940315105484066e-01
3.640425974378001411e+04 9.973014495930907497e-01
3.650425974378001411e+04 9.973088271153853768e-01
3.660425974378001411e+04 9.973161644091780298e-01
3.670425974378001411e+04 9.973234618026243226e-01
3.680425974378001411e+04 9.973307196203011760e-01
3.690425974378001411e+04 9.973379381832765400e-01
3.700425974378001411e+04 9.973451178091737868e-01
3.710425974378001411e+04 9.973522588121804811e-01
3.720425974378001411e+04 9.973593615031147719e-01
3.730425974378001411e+04 9.973664261894781280e-01
3.740425974378001411e+04 9.973734531754866461e-01
3.750425974378001411e+04 9.973804427621041357e-01
3.760425974378001411e+04 9.973873952471228321e-01
3.770425974378001411e+04 9.973943109251589556e-01
3.780425974378001411e+04 9.974011900877404191e-01
3.790425974378001411e+04 9.974080330233053848e-01
3.800425974378001411e+04 9.974148400172665463e-01
3.810425974378001411e+04 9.974216113520641969e-01
3.820425974378001411e+04 9.974283473071534623e-01
3.830425974378001411e+04 9.974350481591034434e-01
3.840425974378001411e+04 9.974417141816063204e-01
3.850425974378001411e+04 9.974483456455031094e-01
3.860425974378001411e+04 9.974549428188452804e-01
3.870425974378001411e+04 9.974615059669111883e-01
3.880425974378001411e+04 9.974680353522547005e-01
3.890425974378001411e+04 9.974745312347376158e-01
3.900425974378001411e+04 9.974809938715606394e-01
3.910425974378001411e+04 9.974874235172920267e-01
3.920425974378001411e+04 9.974938204239081063e-01
3.930425974378001411e+04 9.975001848408401317e-01
3.940425974378001411e+04 9.975065170149778337e-01
3.950425974378001411e+04 9.975128171907166053e-01
3.960425974378001411e+04 9.975190856099928061e-01
3.970425974378001411e+04 9.975253225123072998e-01
3.980425974378001411e+04 9.975315281347607588e-01
3.990425974378001411e+04 9.975377027120925222e-01
4.000425974378001411e+04 9.975438464766575031e-01
4.010425974378001411e+04 9.975499596585529760e-01
4.020425974378001411e+04 9.975560424855620667e-01
4.030425974378001411e+04 9.975620951831971617e-01
4.040425974378001411e+04 9.975681179747807326e-01
4.050425974378001411e+04 9.975741110813880486e-01
4.060425974378001411e+04 9.975800747219708553e-01
4.070425974378001411e+04 9.975860091133023078e-01
4.080425974378001411e+04 9.975919144700269303e-01
4.090425974378001411e+04 9.975977910047023611e-01
4.100425974378001411e+04 9.976036389278387650e-01
4.110425974378001411e+04 9.976094584478727434e-01
4.120425974378001411e+04 9.976152497712356126e-01
4.130425974378001411e+04 9.976210131023562910e-01
4.140425974378001411e+04 9.976267486436921628e-01
4.150425974378001411e+04 9.976324565957621626e-01
4.160425974378001411e+04 9.976381371571557688e-01
4.170425974378001411e+04 9.976437905245452153e-01
4.180425974378001411e+04 9.976494168927566575e-01
4.190425974378001411e+04 9.976550164547257626e-01
4.200425974378001411e+04 9.976605894015884157e-01
4.210425974378001411e+04 9.976661359226340897e-01
4.220425974378001411e+04 9.976716562053754567e-01
4.230425974378001411e+04 9.976771504355741449e-01
4.240425974378001411e+04 9.976826187972070992e-01
4.250425974378001411e+04 9.976880614725597285e-01
4.260425974378001411e+04 9.976934786421689516e-01
4.270425974378001411e+04 9.976988704849245604e-01
4.280425974378001411e+04 9.977042371779976104e-01
4.290425974378001411e+04 9.977095788969813084e-01
4.300425974378001411e+04 9.977148958157627812e-01
4.310425974378001411e+04 9.977201881066680711e-01
4.320425974378001411e+04 9.977254559404235001e-01
4.330425974378001411e+04 9.977306994861560030e-01
4.340425974378001411e+04 9.977359189114642923e-01
4.350425974378001411e+04 9.977411143823978756e-01
4.360425974378001411e+04 9.977462860634743747e-01
4.370425974378001411e+04 9.977514341177253776e-01
4.380425974378001411e+04 9.977565587066993258e-01
4.390425974378001411e+04 9.977616599904556294e-01
4.400425974378001411e+04 9.977667381276207337e-01
4.410425974378001411e+04 9.977717932753671359e-01
4.420425974378001411e+04 9.977768255894609029e-01
4.430425974378001411e+04 9.977818352242556754e-01
4.440425974378001411e+04 9.977868223327326369e-01
4.450425974378001411e+04 9.977917870664667621e-01
4.460425974378001411e+04 9.977967295757201871e-01
4.470425974378001411e+04 9.978016500093794816e-01
4.480425974378001411e+04 9.978065485150132696e-01
4.490425974378001411e+04 9.978114252388834426e-01
4.500425974378001411e+04 9.978162803259523761e-01
4.510425974378001411e+04 9.978211139198914781e-01
4.520425974378001411e+04 9.978259261631078347e-01
4.530425974378001411e+04 9.978307171967589762e-01
4.540425974378001411e+04 9.978354871607557630e-01
4.550425974378001411e+04 9.978402361937674936e-01
4.560425974378001411e+04 9.978449644332758606e-01
4.570425974378001411e+04 9.978496720155551891e-01
4.580425974378001411e+04 9.978543590756679960e-01
4.590425974378001411e+04 9.978590257475206116e-01
4.600425974378001411e+04 9.978636721638608487e-01
4.610425974378001411e+04 9.978682984562770031e-01
4.620425974378001411e+04 9.978729047552299392e-01
4.630425974378001411e+04 9.978774911900355482e-01
4.640425974378001411e+04 9.978820578889144866e-01
4.650425974378001411e+04 9.978866049789957282e-01
4.660425974378001411e+04 9.978911325862908077e-01
4.670425974378001411e+04 9.978956408357481100e-01
4.680425974378001411e+04 9.979001298512522045e-01
4.690425974378001411e+04 9.979045997556349468e-01
4.700425974378001411e+04 9.979090506706699282e-01
4.710425974378001411e+04 9.979134827171116662e-01
4.720425974378001411e+04 9.979178960147055966e-01
4.730425974378001411e+04 9.979222906821412220e-01
4.740425974378001411e+04 9.979266668371575832e-01
4.750425974378001411e+04 9.979310245964787551e-01
4.760425974378001411e+04 9.979353640758520383e-01
4.770425974378001411e+04 9.979396853900561748e-01
4.780425974378001411e+04 9.979439886529163362e-01
4.790425974378001411e+04 9.979482739773091193e-01
4.800425974378001411e+04 9.979525414751581058e-01
4.810425974378001411e+04 9.979567912574696109e-01
4.820425974378001411e+04 9.979610234343321284e-01
4.830425974378001411e+04 9.979652381149122231e-01
4.840425974378001411e+04 9.979694354074931661e-01
4.850425974378001411e+04 9.979736154194602804e-01
4.860425974378001411e+04 9.979777782572968325e-01
4.870425974378001411e+04 9.979819240266333269e-01
4.880425974378001411e+04 9.979860528322401780e-01
4.890425974378001411e+04 9.979901647780103913e-01
4.900425974378001411e+04 9.979942599670162950e-01
4.910425974378001411e+04 9.979983385014801200e-01
4.920425974378001411e+04 9.980024004827816597e-01
4.930425974378001411e+04 9.980064460114920211e-01
4.940425974378001411e+04 9.980104751873745128e-01
4.950425974378001411e+04 9.980144881093769849e-01
4.960425974378001411e+04 9.980184848756573635e-01
4.970425974378001411e+04 9.980224655835795433e-01
4.980425974378001411e+04 9.980264303297252670e-01
4.990425974378001411e+04 9.980303792099165516e-01
5.000425974378001411e+04 9.980343123191940391e-01
5.010425974378001411e+04 9.980382297518558543e-01
5.020425974378001411e+04 9.980421316014286282e-01
5.030425974378001411e+04 9.980460179607212323e-01
5.040425974378001411e+04 9.980498889217853664e-01
5.050425974378001411e+04 9.980537445759636306e-01
5.060425974378001411e+04 9.980575850138559968e-01
5.070425974378001411e+04 9.980614103253750979e-01
5.080425974378001411e+04 9.980652205997025961e-01
5.090425974378001411e+04 9.980690159253355898e-01
5.100425974378001411e+04 9.980727963900731803e-01
5.110425974378001411e+04 9.980765620810249095e-01
5.120425974378001411e+04 9.980803130846305216e-01
5.130425974378001411e+04 9.980840494866409784e-01
5.140425974378001411e+04 9.980877713721536537e-01
5.150425974378001411e+04 9.980914788256112224e-01
5.160425974378001411e+04 9.980951719307856740e-01
5.170425974378001411e+04 9.980988507708110635e-01
5.180425974378001411e+04 9.981025154281781830e-01
5.190425974378001411e+04 9.981061659847521028e-01
5.200425974378001411e+04 9.981098025217518543e-01
5.210425974378001411e+04 9.981134251197956164e-01
5.220425974378001411e+04 9.981170338588579716e-01
5.230425974378001411e+04 9.981206288183293029e-01
5.240425974378001411e+04 9.981242100769747161e-01
5.250425974378001411e+04 9.981277777129768936e-01
5.260425974378001411e+04 9.981313318039113369e-01
5.270425974378001411e+04 9.981348724267683492e-01
5.280425974378001411e+04 9.981383996579644702e-01
5.290425974378001411e+04 9.981419135733291537e-01
5.300425974378001411e+04 9.981454142481231973e-01
5.310425974378001411e+04 9.981489017570432942e-01
5.320425974378001411e+04 9.981523761742248091e-01
5.330425974378001411e+04 9.981558375732488830e-01
5.340425974378001411e+04 9.981592860271349954e-01
5.350425974378001411e+04 9.981627216083787113e-01
5.360425974378001411e+04 9.981661443889213725e-01
5.370425974378001411e+04 9.981695544401689713e-01
5.380425974378001411e+04 9.981729518330030304e-01
5.390425974378001411e+04 9.981763366377677249e-01
5.400425974378001411e+04 9.981797089243051868e-01
5.410425974378001411e+04 9.981830687619244191e-01
5.420425974378001411e+04 9.981864162194413748e-01
5.430425974378001411e+04 9.981897513651527554e-01
5.440425974378001411e+04 9.981930742668539969e-01
5.450425974378001411e+04 9.981963849918441545e-01
5.460425974378001411e+04 9.981996836069447765e-01
5.470425974378001411e+04 9.982029701784688180e-01
5.480425974378001411e+04 9.982062447722569454e-01
5.490425974378001411e+04 9.982095074536614376e-01
5.500425974378001411e+04 9.982127582875766070e-01
5.510425974378001411e+04 9.982159973384141516e-01
5.520425974378001411e+04 9.982192246701174776e-01
5.530425974378001411e+04 9.982224403461752438e-01
5.540425974378001411e+04 9.982256444296175868e-01
5.550425974378001411e+04 9.982288369830197849e-01
5.560425974378001411e+04 9.982320180685018141e-01
5.570425974378001411e+04 9.982351877477497748e-01
5.580425974378001411e+04 9.982383460819983512e-01
5.590425974378001411e+04 9.982414931320459095e-01
5.600425974378001411e+04 9.982446289582679322e-01
5.610425974378001411e+04 9.982477536205907054e-01
5.620425974378001411e+04 9.982508671785327303e-01
5.630425974378001411e+04 9.982539696911792992e-01
5.640425974378001411e+04 9.982570612172065871e-01
5.650425974378001411e+04 9.982601418148592254e-01
5.660425974378001411e+04 9.982632115419934893e-01
5.670425974378001411e+04 9.982662704560384404e-01
5.680425974378001411e+04 9.982693186140334518e-01
5.690425974378001411e+04 9.982723560725972334e-01
5.700425974378001411e+04 9.982753828879850078e-01
5.710425974378001411e+04 9.982783991160250059e-01
5.720425974378001411e+04 9.982814048121706474e-01
5.730425974378001411e+04 9.982844000315038713e-01
5.740425974378001411e+04 9.982873848286821783e-01
5.750425974378001411e+04 9.982903592580243401e-01
5.760425974378001411e+04 9.982933233734598844e-01
5.770425974378001411e+04 9.982962772285198794e-01
5.780425974378001411e+04 9.982992208764204234e-01
5.790425974378001411e+04 9.983021543699488465e-01
5.800425974378001411e+04 9.983050777615660731e-01
5.810425974378001411e+04 9.983079911033614362e-01
5.820425974378001411e+04 9.983108944470794333e-01
5.830425974378001411e+04 9.983137878440857538e-01
5.840425974378001411e+04 9.983166713454171282e-01
5.850425974378001411e+04 9.983195450017405825e-01
5.860425974378001411e+04 9.983224088634055082e-01
5.870425974378001411e+04 9.983252629803995859e-01
5.880425974378001411e+04 9.983281074023703239e-01
5.890425974378001411e+04 9.983309421786384918e-01
5.900425974378001411e+04 9.983337673581783589e-01
5.910425974378001411e+04 9.983365829896376775e-01
5.920425974378001411e+04 9.983393891213516724e-01
5.930425974378001411e+04 9.983421858013064032e-01
5.940425974378001411e+04 9.983449730771761788e-01
5.950425974378001411e+04 9.983477509963132324e-01
5.960425974378001411e+04 9.983505196057589348e-01
5.970425974378001411e+04 9.983532789522394646e-01
5.980425974378001411e+04 9.983560290821442695e-01
5.990425974378001411e+04 9.983587700415909039e-01
6.000425974378001411e+04 9.983615018763706273e-01
6.010425974378001411e+04 9.983642246319535118e-01
6.020425974378001411e+04 9.983669383535540565e-01
6.030425974378001411e+04 9.983696430860395932e-01
6.040425974378001411e+04 9.983723388740122218e-01
6.050425974378001411e+04 9.983750257617597379e-01
6.060425974378001411e+04 9.983777037932879406e-01
6.070425974378001411e+04 9.983803730123099740e-01
6.080425974378001411e+04 9.983830334622456615e-01
6.090425974378001411e+04 9.983856851862579207e-01
6.100425974378001411e+04 9.983883282271849291e-01
6.110425974378001411e+04 9.983909626276297189e-01
6.120425974378001411e+04 9.983935884298670294e-01
6.130425974378001411e+04 9.983962056759383419e-01
6.140425974378001411e+04 9.983988144075939264e-01
6.150425974378001411e+04 9.984014146663148237e-01
6.160425974378001411e+04 9.984040064933009662e-01
6.170425974378001411e+04 9.984065899295221369e-01
6.180425974378001411e+04 9.984091650156339259e-01
6.190425974378001411e+04 9.984117317920694346e-01
6.200425974378001411e+04 9.984142902989865398e-01
6.210425974378001411e+04 9.984168405762786636e-01
6.220425974378001411e+04 9.984193826635864299e-01
6.230425974378001411e+04 9.984219166003074353e-01
6.240425974378001411e+04 9.984244424255745987e-01
6.250425974378001411e+04 9.984269601782738146e-01
6.260425974378001411e+04 9.984294698970348492e-01
6.270425974378001411e+04 9.984319716202624262e-01
6.280425974378001411e+04 9.984344653861012553e-01
6.290425974378001411e+04 9.984369512324529072e-01
6.300425974378001411e+04 9.984394291969901358e-01
6.310425974378001411e+04 9.984418993171263468e-01
6.320425974378001411e+04 9.984443616300630042e-01
6.330425974378001411e+04 9.984468161727469981e-01
6.340425974378001411e+04 9.984492629819171627e-01
6.350425974378001411e+04 9.984517020940485432e-01
6.360425974378001411e+04 9.984541335454120148e-01
6.370425974378001411e+04 9.984565573720380893e-01
6.380425974378001411e+04 9.984589736097396750e-01
6.390425974378001411e+04 9.984613822940874295e-01
6.400425974378001411e+04 9.984637834604697115e-01
6.410425974378001411e+04 9.984661771440096478e-01
6.420425974378001411e+04 9.984685633796394066e-01
6.430425974378001411e+04 9.984709422020613401e-01
6.440425974378001411e+04 9.984733136457788483e-01
6.450425974378001411e+04 9.984756777450558562e-01
6.460425974378001411e+04 9.984780345339632213e-01
6.470425974378001411e+04 9.984803840463624125e-01
6.480425974378001411e+04 9.984827263158935207e-01
6.490425974378001411e+04 9.984850613759984617e-01
6.500425974378001411e+04 9.984873892599147593e-01
6.510425974378001411e+04 9.984897100006648873e-01
6.520425974378001411e+04 9.984920236310800279e-01
6.530425974378001411e+04 9.984943301837999607e-01
6.540425974378001411e+04 9.984966296912340944e-01
6.550425974378001411e+04 9.984989221856176433e-01
6.560425974378001411e+04 9.985012076989964180e-01
6.570425974378001411e+04 9.985034862631972929e-01
6.580425974378001411e+04 9.985057579098699510e-01
6.590425974378001411e+04 9.985080226704586837e-01
6.600425974378001411e+04 9.985102805762390288e-01
6.610425974378001411e+04 9.985125316582823540e-01
6.620425974378001411e+04 9.985147759474776175e-01
6.630425974378001411e+04 9.985170134745149362e-01
6.640425974378001411e+04 9.985192442699243331e-01
6.650425974378001411e+04 9.985214683640312172e-01
6.660425974378001411e+04 9.985236857869856930e-01
6.670425974378001411e+04 9.985258965687621169e-01
6.680425974378001411e+04 9.985281007391463293e-01
6.690425974378001411e+04 9.985302983277535294e-01
6.700425974378001411e+04 9.985324893640213917e-01
6.710425974378001411e+04 9.985346738772075126e-01
6.720425974378001411e+04 9.985368518963995133e-01
6.730425974378001411e+04 9.985390234505204798e-01
6.740425974378001411e+04 9.985411885682988764e-01
6.750425974378001411e+04 9.985433472783202813e-01
6.760425974378001411e+04 9.985454996089873081e-01
6.770425974378001411e+04 9.985476455885299307e-01
6.780425974378001411e+04 9.985497852450175849e-01
6.790425974378001411e+04 9.985519186063622765e-01
6.800425974378001411e+04 9.985540457002947123e-01
6.810425974378001411e+04 9.985561665544019361e-01
6.820425974378001411e+04 9.985582811961039029e-01
6.830425974378001411e+04 9.985603896526414891e-01
6.840425974378001411e+04 9.985624919511296715e-01
6.850425974378001411e+04 9.985645881184973538e-01
6.860425974378001411e+04 9.985666781815261128e-01
6.870425974378001411e+04 9.985687621668444258e-01
6.880425974378001411e+04 9.985708401009232293e-01
6.890425974378001411e+04 9.985729120100802492e-01
6.900425974378001411e+04 9.985749779204847743e-01
6.910425974378001411e+04 9.985770378581483309e-01
6.920425974378001411e+04 9.985790918489346746e-01
6.930425974378001411e+04 9.985811399185537951e-01
6.940425974378001411e+04 9.985831820925809010e-01
6.950425974378001411e+04 9.985852183964357698e-01
6.960425974378001411e+04 9.985872488553936277e-01
6.970425974378001411e+04 9.985892734945748250e-01
6.980425974378001411e+04 9.985912923389766993e-01
6.990425974378001411e+04 9.985933054134298326e-01
7.000425974378001411e+04 9.985953127426433484e-01
7.010425974378001411e+04 9.985973143511785999e-01
7.020425974378001411e+04 9.985993102634440621e-01
7.030425974378001411e+04 9.986013005037318591e-01
7.040425974378001411e+04 9.986032850961786833e-01
7.050425974378001411e+04 9.986052640648043210e-01
7.060425974378001411e+04 9.986072374334653556e-01
7.070425974378001411e+04 9.986092052259030183e-01
7.080425974378001411e+04 9.986111674657196513e-01
7.090425974378001411e+04 9.986131241763875899e-01
7.100425974378001411e+04 9.986150753812398362e-01
7.110425974378001411e+04 9.986170211034761657e-01
7.120425974378001411e+04 9.986189613661849984e-01
7.130425974378001411e+04 9.986208961923062066e-01
7.140425974378001411e+04 9.986228256046554286e-01
7.150425974378001411e+04 9.986247496259278433e-01
7.160425974378001411e+04 9.986266682786820725e-01
7.170425974378001411e+04 9.986285815853580550e-01
7.180425974378001411e+04 9.986304895682752703e-01
7.190425974378001411e+04 9.986323922496150862e-01
7.200425974378001411e+04 9.986342896514437406e-01
7.210425974378001411e+04 9.986361817957110087e-01
7.220425974378001411e+04 9.986380687042305526e-01
7.230425974378001411e+04 9.986399503987121173e-01
7.240425974378001411e+04 9.986418269007245607e-01
7.250425974378001411e+04 9.986436982317535849e-01
7.260425974378001411e+04 9.986455644131195797e-01
7.270425974378001411e+04 9.986474254660681060e-01
7.280425974378001411e+04 9.986492814117013950e-01
7.290425974378001411e+04 9.986511322710160954e-01
7.300425974378001411e+04 9.986529780648942811e-01
7.310425974378001411e+04 9.986548188140981219e-01
7.320425974378001411e+04 9.986566545392863148e-01
7.330425974378001411e+04 9.986584852609980967e-01
7.340425974378001411e+04 9.986603109996504690e-01
7.350425974378001411e+04 9.986621317755797200e-01
7.360425974378001411e+04 9.986639476089775869e-01
7.370425974378001411e+04 9.986657585199578691e-01
7.380425974378001411e+04 9.986675645284890379e-01
7.390425974378001411e+04 9.986693656544632924e-01
7.400425974378001411e+04 9.986711619176557031e-01
7.410425974378001411e+04 9.986729533377235457e-01
7.420425974378001411e+04 9.986747399342387199e-01
7.430425974378001411e+04 9.986765217266503347e-01
7.440425974378001411e+04 9.986782987343166829e-01
7.450425974378001411e+04 9.986800709764734885e-01
7.460425974378001411e+04 9.986818384722723208e-01
7.470425974378001411e+04 9.986836012407526164e-01
7.480425974378001411e+04 9.986853593008574448e-01
7.490425974378001411e+04 9.986871126714212954e-01
7.500425974378001411e+04 9.986888613711872864e-01
7.510425974378001411e+04 9.986906054187915105e-01
7.520425974378001411e+04 9.986923448327746922e-01
7.530425974378001411e+04 9.986940796315793012e-01
7.540425974378001411e+04 9.986958098335438905e-01
7.550425974378001411e+04 9.986975354569217478e-01
7.560425974378001411e+04 9.986992565198627991e-01
7.570425974378001411e+04 9.987009730404232677e-01
7.580425974378001411e+04 9.987026850365546826e-01
7.590425974378001411e+04 9.987043925261239741e-01
7.600425974378001411e+04 9.987060955269084772e-01
7.610425974378001411e+04 9.987077940565839418e-01
7.620425974378001411e+04 9.987094881327247542e-01
7.630425974378001411e+04 9.987111777728322481e-01
7.640425974378001411e+04 9.987128629943078373e-01
7.650425974378001411e+04 9.987145438144631182e-01
7.660425974378001411e+04 9.987162202505125430e-01
7.670425974378001411e+04 9.987178923195909608e-01
7.680425974378001411e+04 9.987195600387381855e-01
7.690425974378001411e+04 9.987212234249069898e-01
7.700425974378001411e+04 9.987228824949629935e-01
7.710425974378001411e+04 9.987245372656819997e-01
7.720425974378001411e+04 9.987261877537512156e-01
7.730425974378001411e+04 9.987278339757809098e-01
7.740425974378001411e+04 9.987294759482832074e-01
7.750425974378001411e+04 9.987311136876975137e-01
7.760425974378001411e+04 9.987327472103769699e-01
7.770425974378001411e+04 9.987343765325743528e-01
7.780425974378001411e+04 9.987360016704663890e-01
7.790425974378001411e+04 9.987376226401699641e-01
7.800425974378001411e+04 9.987392394576873889e-01
7.810425974378001411e+04 9.987408521389558036e-01
7.820425974378001411e+04 9.987424606998286380e-01
7.830425974378001411e+04 9.987440651560698379e-01
7.840425974378001411e+04 9.987456655233815095e-01
7.850425974378001411e+04 9.987472618173675043e-01
7.860425974378001411e+04 9.987488540535623960e-01
7.870425974378001411e+04 9.987504422474206001e-01
7.880425974378001411e+04 9.987520264143088244e-01
7.890425974378001411e+04 9.987536065695300502e-01
7.900425974378001411e+04 9.987551827282996619e-01
7.910425974378001411e+04 9.987567549057611016e-01
7.920425974378001411e+04 9.987583231169839815e-01
7.930425974378001411e+04 9.987598873769547581e-01
7.940425974378001411e+04 9.987614477005912761e-01
7.950425974378001411e+04 9.987630041027250050e-01
7.960425974378001411e+04 9.987645565981340123e-01
7.970425974378001411e+04 9.987661052014863428e-01
7.980425974378001411e+04 9.987676499274249498e-01
7.990425974378001411e+04 9.987691907904882038e-01
8.000425974378001411e+04 9.987707278051362048e-01
8.010425974378001411e+04 9.987722609857787592e-01
8.020425974378001411e+04 9.987737903467486245e-01
8.030425974378001411e+04 9.987753159022835225e-01
8.040425974378001411e+04 9.987768376665824288e-01
8.050425974378001411e+04 9.987783556537559448e-01
8.060425974378001411e+04 9.987798698778541651e-01
8.070425974378001411e+04 9.987813803528540202e-01
8.080425974378001411e+04 9.987828870926471758e-01
8.090425974378001411e+04 9.987843901110883271e-01
8.100425974378001411e+04 9.987858894219392436e-01
8.110425974378001411e+04 9.987873850389037411e-01
8.120425974378001411e+04 9.987888769756100293e-01
8.130425974378001411e+04 9.987903652456417980e-01
8.140425974378001411e+04 9.987918498624845931e-01
8.150425974378001411e+04 9.987933308395773313e-01
8.160425974378001411e+04 9.987948081902831010e-01
8.170425974378001411e+04 9.987962819279213589e-01
8.180425974378001411e+04 9.987977520657046471e-01
8.190425974378001411e+04 9.987992186168324071e-01
8.200425974378001411e+04 9.988006815943911709e-01
8.210425974378001411e+04 9.988021410114504839e-01
8.220425974378001411e+04 9.988035968809776399e-01
8.230425974378001411e+04 9.988050492158947469e-01
8.240425974378001411e+04 9.988064980290595196e-01
8.250425974378001411e+04 9.988079433332588408e-01
8.260425974378001411e+04 9.988093851412412905e-01
8.270425974378001411e+04 9.988108234656630779e-01
8.280425974378001411e+04 9.988122583191334503e-01
8.290425974378001411e+04 9.988136897142184667e-01
8.300425974378001411e+04 9.988151176633826012e-01
8.310425974378001411e+04 9.988165421790732301e-01
8.320425974378001411e+04 9.988179632736509106e-01
8.330425974378001411e+04 9.988193809594236861e-01
8.340425974378001411e+04 9.988207952486478636e-01
8.350425974378001411e+04 9.988222061535149132e-01
8.360425974378001411e+04 9.988236136861519121e-01
8.370425974378001411e+04 9.988250178586325356e-01
8.380425974378001411e+04 9.988264186829893809e-01
8.390425974378001411e+04 9.988278161711703351e-01
8.400425974378001411e+04 9.988292103350866480e-01
8.410425974378001411e+04 9.988306011865739631e-01
8.420425974378001411e+04 9.988319887374343953e-01
8.430425974378001411e+04 9.988333729994084420e-01
8.440425974378001411e+04 9.988347539841615497e-01
8.450425974378001411e+04 9.988361317033246367e-01
8.460425974378001411e+04 9.988375061684587886e-01
8.470425974378001411e+04 9.988388773910946705e-01
8.480425974378001411e+04 9.988402453826816796e-01
8.490425974378001411e+04 9.988416101546365722e-01
8.500425974378001411e+04 9.988429717182988332e-01
8.510425974378001411e+04 9.988443300849748629e-01
8.520425974378001411e+04 9.988456852659147733e-01
8.530425974378001411e+04 9.988470372723003976e-01
8.540425974378001411e+04 9.988483861152906984e-01
8.550425974378001411e+04 9.988497318059618157e-01
8.560425974378001411e+04 9.988510743553536964e-01
8.570425974378001411e+04 9.988524137744594356e-01
8.580425974378001411e+04 9.988537500742096231e-01
8.590425974378001411e+04 9.988550832654877754e-01
8.600425974378001411e+04 9.988564133591283367e-01
8.610425974378001411e+04 9.988577403659154585e-01
8.620425974378001411e+04 9.988590642965801125e-01
8.630425974378001411e+04 9.988603851618056417e-01
8.640425974378001411e+04 9.988617029722354212e-01
8.650425974378001411e+04 9.988630177384451025e-01
8.660425974378001411e+04 9.988643294709658171e-01
8.670425974378001411e+04 9.988656381803040496e-01
8.680425974378001411e+04 9.988669438768835729e-01
8.690425974378001411e+04 9.988682465711065106e-01
8.700425974378001411e+04 9.988695462733017116e-01
8.710425974378001411e+04 9.988708429937770417e-01
8.720425974378001411e+04 9.988721367427775277e-01
8.730425974378001411e+04 9.988734275305118926e-01
8.740425974378001411e+04 9.988747153671284629e-01
8.750425974378001411e+04 9.988760002627304901e-01
8.760425974378001411e+04 9.988772822273953578e-01
8.770425974378001411e+04 9.988785612711288397e-01
8.780425974378001411e+04 9.988798374039173922e-01
8.790425974378001411e+04 9.988811106356669800e-01
8.800425974378001411e+04 9.988823809762742423e-01
8.810425974378001411e+04 9.988836484355606560e-01
8.820425974378001411e+04 9.988849130233349305e-01
8.830425974378001411e+04 9.988861747493310572e-01
8.840425974378001411e+04 9.988874336232699269e-01
8.850425974378001411e+04 9.988886896547942706e-01
8.860425974378001411e+04 9.988899428535178426e-01
8.870425974378001411e+04 9.988911932290283069e-01
8.880425974378001411e+04 9.988924407908456038e-01
8.890425974378001411e+04 9.988936855484549238e-01
8.900425974378001411e+04 9.988949275113025994e-01
8.910425974378001411e+04 9.988961666887905544e-01
8.920425974378001411e+04 9.988974030902854073e-01
8.930425974378001411e+04 9.988986367250931586e-01
8.940425974378001411e+04 9.988998676024987144e-01
8.950425974378001411e+04 9.989010957317326911e-01
8.960425974378001411e+04 9.989023211219839604e-01
8.970425974378001411e+04 9.989035437824161923e-01
8.980425974378001411e+04 9.989047637221372122e-01
8.990425974378001411e+04 9.989059809502139897e-01
9.000425974378001411e+04 9.989071954756769678e-01
9.010425974378001411e+04 9.989084073075197301e-01
9.020425974378001411e+04 9.989096164546990009e-01
9.030425974378001411e+04 9.989108229261166594e-01
9.040425974378001411e+04 9.989120267306496048e-01
9.050425974378001411e+04 9.989132278771287732e-01
9.060425974378001411e+04 9.989144263743513497e-01
9.070425974378001411e+04 9.989156222310751065e-01
9.080425974378001411e+04 9.989168154560020829e-01
9.090425974378001411e+04 9.989180060578268794e-01
9.100425974378001411e+04 9.989191940451828122e-01
9.110425974378001411e+04 9.989203794266737768e-01
9.120425974378001411e+04 9.989215622108613690e-01
9.130425974378001411e+04 9.989227424062765426e-01
9.140425974378001411e+04 9.989239200214063974e-01
9.150425974378001411e+04 9.989250950647056149e-01
9.160425974378001411e+04 9.989262675445862438e-01
9.170425974378001411e+04 9.989274374694303571e-01
9.180425974378001411e+04 9.989286048475839452e-01
9.190425974378001411e+04 9.989297696873506993e-01
9.200425974378001411e+04 9.989309319969950085e-01
9.210425974378001411e+04 9.989320917847602788e-01
9.220425974378001411e+04 9.989332490588451741e-01
9.230425974378001411e+04 9.989344038274012849e-01
9.240425974378001411e+04 9.989355560985685445e-01
9.250425974378001411e+04 9.989367058804378141e-01
9.260425974378001411e+04 9.989378531810640949e-01
9.270425974378001411e+04 9.989389980084728560e-01
9.280425974378001411e+04 9.989401403706466009e-01
9.290425974378001411e+04 9.989412802755517351e-01
9.300425974378001411e+04 9.989424177310954889e-01
9.310425974378001411e+04 9.989435527451712149e-01
9.320425974378001411e+04 9.989446853256344072e-01
9.330425974378001411e+04 9.989458154802908219e-01
9.340425974378001411e+04 9.989469432169360008e-01
9.350425974378001411e+04 9.989480685433226315e-01
9.360425974378001411e+04 9.989491914671623229e-01
9.370425974378001411e+04 9.989503119961470334e-01
9.380425974378001411e+04 9.989514301379240901e-01
9.390425974378001411e+04 9.989525459001193930e-01
9.400425974378001411e+04 9.989536592903188739e-01
9.410425974378001411e+04 9.989547703160767123e-01
9.420425974378001411e+04 9.989558789849259934e-01
9.430425974378001411e+04 9.989569853043462899e-01
9.440425974378001411e+04 9.989580892817990776e-01
9.450425974378001411e+04 9.989591909247229617e-01
9.460425974378001411e+04 9.989602902405094742e-01
9.470425974378001411e+04 9.989613872365149527e-01
9.480425974378001411e+04 9.989624819200970673e-01
9.490425974378001411e+04 9.989635742985379929e-01
9.500425974378001411e+04 9.989646643791226799e-01
9.510425974378001411e+04 9.989657521690914477e-01
9.520425974378001411e+04 9.989668376756536405e-01
9.530425974378001411e+04 9.989679209060025045e-01
9.540425974378001411e+04 9.989690018672664484e-01
9.550425974378001411e+04 9.989700805665973071e-01
9.560425974378001411e+04 9.989711570110684224e-01
9.570425974378001411e+04 9.989722312077482513e-01
9.580425974378001411e+04 9.989733031636669480e-01
9.590425974378001411e+04 9.989743728858299088e-01
9.600425974378001411e+04 9.989754403812183270e-01
9.610425974378001411e+04 9.989765056567670998e-01
9.620425974378001411e+04 9.989775687193951370e-01
9.630425974378001411e+04 9.989786295760018087e-01
9.640425974378001411e+04 9.989796882334376349e-01
9.650425974378001411e+04 9.989807446985267125e-01
9.660425974378001411e+04 9.989817989780872542e-01
9.670425974378001411e+04 9.989828510788850702e-01
9.680425974378001411e+04 9.989839010076708714e-01
9.690425974378001411e+04 9.989849487711657261e-01
9.700425974378001411e+04 9.989859943760569516e-01
9.710425974378001411e+04 9.989870378290055530e-01
9.720425974378001411e+04 9.989880791366559931e-01
9.730425974378001411e+04 9.989891183056098800e-01
9.740425974378001411e+04 9.989901553424530567e-01
9.750425974378001411e+04 9.989911902537412791e-01
9.760425974378001411e+04 9.989922230460036578e-01
9.770425974378001411e+04 9.989932537257317779e-01
9.780425974378001411e+04 9.989942822994181126e-01
9.790425974378001411e+04 9.989953087734945170e-01
9.800425974378001411e+04 9.989963331543934011e-01
9.810425974378001411e+04 9.989973554485062079e-01
9.820425974378001411e+04 9.989983756622079492e-01
9.830425974378001411e+04 9.989993938018372210e-01
9.840425974378001411e+04 9.990004098737076399e-01
9.850425974378001411e+04 9.990014238841264937e-01
9.860425974378001411e+04 9.990024358393513326e-01
9.870425974378001411e+04 9.990034457456273831e-01
9.880425974378001411e+04 9.990044536091734484e-01
9.890425974378001411e+04 9.990054594361702511e-01
9.900425974378001411e+04 9.990064632327922967e-01
9.910425974378001411e+04 9.990074650051865568e-01
9.920425974378001411e+04 9.990084647594608125e-01
9.930425974378001411e+04 9.990094625017085228e-01
9.940425974378001411e+04 9.990104582379980558e-01
9.950425974378001411e+04 9.990114519743790167e-01
9.960425974378001411e+04 9.990124437168619309e-01
9.970425974378001411e+04 9.990134334714453335e-01
9.980425974378001411e+04 9.990144212441012250e-01
9.990212987189000705e+04 9.990153860651265205e-01
1.000000000000000000e+05 9.990163489989906109e-01
